1246  neutron  0.064734  52.2087  3.38598  16.9967
1850  neutron  531849  -29.1499  17.435  -43.2712
3526  neutron  736397  5.37674  1.07025  54.7361
4905  neutron  2256.49  16.0098  -40.3621  -33.774
5363  neutron  589.598  -42.8513  -2.39561  34.4112
5583  neutron  330572  -28.4315  32.0853  34.4715
5903  neutron  0.0193971  -54.1366  -5.87207  7.80027
6946  neutron  317398  31.7388  44.4057  6.84701
6988  neutron  682.34  37.1876  -39.9568  -6.8294
7816  neutron  1.21842e+06  38.3352  16.3513  35.9047
8293  neutron  6.19806e+06  -41.2035  35.6016  7.80388
8516  neutron  6.72622e+06  -50.5827  3.6408  -21.3129
8976  neutron  2.34999e+06  -6.07356  16.9264  -51.9876
9148  neutron  0.0521037  21.3977  18.4757  47.1899
9418  neutron  5.25572e+06  30.5495  -20.7612  40.7652
15671  neutron  421279  30.0276  -34.8266  -30.1919
21579  neutron  5.72228e+06  -3.54078  47.706  27.1607
23215  neutron  4.3504e+06  -51.5309  -0.542242  19.2451
24269  neutron  2.33144e+06  50.1196  11.6351  19.4614
24442  neutron  3.3939e+06  -11.0107  -14.417  51.9328
25057  neutron  4.00366e+06  -35.778  -20.6624  36.3194
25555  neutron  9664.51  38.4732  -28.8585  26.704
26866  neutron  175.884  12.381  -26.7378  -46.4532
27840  neutron  7.33657e+06  -2.97691  51.8187  -18.2225
32107  neutron  4.81224e+06  16.8064  -25.7642  -45.6054
32743  neutron  6.34197e+06  -50.1886  16.2829  -15.5587
33540  neutron  0.0138202  16.0193  -51.2167  12.0967
34310  neutron  0.0250485  32.7561  -16.2004  41.1179
34632  neutron  0.064856  -15.308  41.3455  -32.8985
36906  neutron  855.025  -40.8217  -30.456  -20.7876
36906  neutron  710.064  -41.6629  -29.4341  -20.563
38060  neutron  1.27842e+06  26.6594  41.9333  -23.6004
40365  neutron  0.0773556  -38.489  -38.7903  -6.3252
41638  neutron  0.0144332  -41.9065  -4.77098  -35.3155
43427  neutron  795.094  -22.9238  -41.0419  -28.5686
44179  neutron  5.25255e+06  17.775  -52.0206  2.00091
45080  neutron  1.63203e+06  -20.3672  -45.9523  -22.3532
45407  neutron  1.44935e+06  -30.9865  -11.213  44.0478
47438  neutron  0.0514938  18.0198  -0.36856  -51.9736
49396  neutron  514115  27.8432  -27.0533  38.9741
53969  neutron  265.101  12.0073  51.3685  15.5949
54145  neutron  1.33547e+06  -31.091  30.6348  -33.4808
54548  neutron  641568  -4.4351  54.31  -7.54002
56555  neutron  0.105778  -0.439424  -54.4459  -7.84548
56798  neutron  5.59516e+06  22.5916  -17.8405  46.8768
59659  neutron  1.14447e+06  13.8627  48.7729  21.3337
62849  neutron  0.116672  50.4508  7.79888  -20.4938
65399  neutron  0.0475704  -19.6338  -46.4224  22.0359
65641  neutron  0.058886  -33.0337  43.227  8.14254
66449  neutron  167760  -18.9341  42.4607  29.4057
67747  neutron  0.173329  -53.6995  10.5956  5.4952
69073  neutron  4.76474e+06  3.50988  -54.6018  -5.69462
74501  neutron  0.0984917  -12.9332  -41.0148  34.3019
74918  neutron  0.0294756  8.7488  10.5458  53.2761
74956  neutron  0.0260419  45.6746  -30.0862  -5.89525
79040  neutron  0.0716826  -25.2991  -47.7025  10.5134
80686  neutron  0.0545273  33.3364  4.80314  43.4939
83596  neutron  0.0505501  33.6922  33.8947  27.2412
83936  neutron  0.0307989  43.2498  33.7307  -4.21791
87192  neutron  4.11833e+06  42.347  3.40921  34.9458
90814  neutron  862507  -49.2033  -19.5213  -14.9685
91913  neutron  7.31441e+06  25.3411  8.45136  -48.0885
92820  neutron  0.028274  -51.4389  18.2626  6.82739
92974  neutron  2.17299e+06  -1.25678  -14.4131  -53.0734
95198  neutron  5.90022e+06  -33.9204  -43.0801  -4.42872
98372  neutron  4.32358e+06  -27.1626  42.4567  22.0391
98741  neutron  679829  36.0933  39.1232  13.8833
99707  neutron  0.0329889  -41.7184  -28.5352  21.7121
99955  neutron  0.0516402  -49.9734  7.3651  -21.7834
101016  neutron  270.024  44.5857  14.9458  28.5453
102221  neutron  0.028222  53.0104  1.05435  14.6591
102569  neutron  350975  17.2982  -51.0489  10.9946
103628  neutron  5.21396e+06  29.6439  -31.8024  -33.7038
104684  neutron  5.32004e+06  47.3031  27.1129  7.30835
105902  neutron  0.0346569  -4.70426  29.2001  -46.3824
108527  neutron  2.58194e+06  -10.5971  -6.30274  -53.6104
112077  neutron  6.23386e+06  35.8796  23.6455  34.346
113620  neutron  220838  20.8139  30.6776  40.6419
114087  neutron  445062  7.34784  -21.0096  -50.3061
114898  neutron  854532  7.30439  48.5186  -24.8735
116132  neutron  0.0246198  32.8772  38.1631  22.108
116224  neutron  784928  20.9022  -33.0629  -38.6787
117380  neutron  14.009  -13.043  -29.1049  44.8206
117592  neutron  0.118994  -3.08887  -4.95297  -54.6994
117604  neutron  0.131624  3.27179  31.4561  45.0101
117980  neutron  559.487  -24.1939  -35.7239  34.1257
119503  neutron  67841.6  -52.2147  -10.0729  -14.0806
122038  neutron  2.07014e+06  -20.1933  -47.0679  -20.0734
122150  neutron  316187  -6.84273  -38.5885  -38.6031
123994  neutron  1.90623e+06  37.8198  -31.8175  24.1539
124655  neutron  0.100535  -39.1751  27.298  -27.3172
125406  neutron  4.50094e+06  43.8589  31.6681  9.98146
125599  neutron  541708  22.51  37.8644  -32.9497
126491  neutron  330664  18.5219  41.9049  -30.4469
126828  neutron  4.78104e+06  0.371326  52.8808  15.1521
126880  neutron  2.0127e+06  -9.09402  8.16953  -53.6345
126951  neutron  0.0116092  -8.02266  54.1979  -4.93153
127016  neutron  1.11e+06  12.4957  -51.4587  -14.8983
128314  neutron  0.0345827  9.66726  17.4974  51.2492
128789  neutron  108682  45.3474  30.9497  -3.43977
129312  neutron  0.0199373  2.87581  39.5763  38.0992
131585  neutron  233.816  -5.22108  6.59821  -54.3627
133515  neutron  0.0887052  -36.5303  32.2096  -25.577
133928  neutron  147274  -5.38263  54.2632  -7.25512
135642  neutron  7.09484e+06  22.3652  49.5762  8.25228
136944  neutron  33801.8  -2.74345  10.1304  -53.9995
138014  neutron  0.0297891  14.1197  19.3043  -49.5387
139646  neutron  225.381  22.7554  -49.7214  -6.00579
140727  neutron  0.0893638  -9.61702  -15.8741  -51.7844
144370  neutron  0.0264789  4.99734  -22.7795  -49.8219
145060  neutron  5.71392e+06  -51.2293  0.26982  -20.0396
149826  neutron  8980.92  37.65  26.6931  -29.9341
151540  neutron  0.0692469  45.0019  -16.7004  -26.8705
151916  neutron  0.525344  45.6342  -28.0215  -12.5863
153272  neutron  1.69321e+06  38.9917  34.3667  18.0188
153805  neutron  0.0571024  53.8233  6.33516  -9.43479
156492  neutron  83296.2  -32.1865  -43.3048  -10.7157
157551  neutron  0.0627616  32.6131  4.26786  44.0939
158442  neutron  0.0656045  -46.753  -27.892  -7.89276
159538  neutron  0.10769  28.6249  46.0795  9.13182
159802  neutron  0.0545077  11.2569  26.0094  -47.1476
160940  neutron  5.04902e+06  -44.2488  -26.9412  18.5018
164199  neutron  117.832  -47.6216  17.6914  21.1021
166098  neutron  4.66704e+06  5.18007  28.7319  -46.6234
166415  neutron  0.127229  21.7383  48.4387  14.3957
167377  neutron  0.159178  35.3554  2.03564  42.0946
170275  neutron  0.0367588  -6.55341  -7.27925  -54.131
172537  neutron  861310  47.4418  -27.4299  4.79309
172864  neutron  0.0280486  -44.7683  -31.4042  5.97333
173635  neutron  3.91465e+06  23.7462  -35.2778  34.8955
173992  neutron  0.0141408  -2.65325  -47.9047  26.911
174226  neutron  1.83835e+06  53.3544  11.2858  7.21412
174970  neutron  0.0433288  -20.1172  49.5499  12.8921
175290  neutron  176.558  -0.690015  22.3435  -50.2632
175715  neutron  428891  39.2452  -38.2863  -4.48046
177134  neutron  0.0339737  -53.2315  8.95393  10.5989
177287  neutron  0.0234521  22.8632  30.1822  -39.905
177388  neutron  3.7133e+06  -30.0971  -26.7961  37.4464
181919  neutron  3.21616  49.8609  -19.0027  13.3749
182414  neutron  5.1322e+06  -11.8434  -29.2249  45.0748
184286  neutron  0.0288308  50.6009  -11.0651  -18.5259
186042  neutron  1.7144e+06  26.4022  37.2391  30.6964
187620  neutron  0.038909  27.916  -43.6955  18.371
189885  neutron  5.94476e+06  32.7829  -41.0924  16.211
190740  neutron  41302.7  -8.38998  -43.6912  32.3541
191195  neutron  322612  37.7315  17.9656  35.7725
191504  neutron  0.0464019  43.9975  31.3122  -10.4815
191946  neutron  1.7161e+06  47.9719  15.8977  -21.7268
192494  neutron  617610  -3.3723  -5.2135  -54.6585
192903  neutron  0.0049049  37.1515  26.424  30.7837
193170  neutron  0.197087  19.0447  3.51737  51.4881
196649  neutron  0.0524703  -38.108  39.4964  -3.73001
202070  neutron  3.21637e+06  54.7652  -4.96815  1.48062
202181  neutron  0.054884  47.0682  22.6138  17.3003
204413  neutron  6.2231e+06  8.03116  32.9325  43.3249
205433  neutron  1.23637e+06  -36.4076  20.8238  35.5943
206479  neutron  434086  41.6588  33.5627  12.8138
207465  neutron  1.1716e+06  -6.77402  -51.9073  -16.907
209432  neutron  0.0288142  -26.2954  -45.4676  -16.3506
212323  neutron  4.0577e+06  -47.9744  -19.9851  -18.032
213445  neutron  316.453  16.8958  -50.6742  -13.1438
213849  neutron  249665  37.0645  39.8085  -8.22207
213897  neutron  0.0280779  -3.98728  49.3386  -23.9981
215735  neutron  4.9609e+06  33.9051  43.2915  -1.54673
218326  neutron  0.0585891  -51.522  16.5692  -9.85147
220596  neutron  754443  -14.5567  -24.36  47.1253
221467  neutron  3.00036  -35.4978  -26.7546  -32.4067
223571  neutron  0.0488004  36.0706  41.1439  -5.67381
224224  neutron  0.0688914  -23.8881  -48.3862  10.6882
225619  neutron  0.0796422  -38.2938  -19.324  -34.4422
226291  neutron  0.00175919  43.4122  30.8486  13.7784
227461  neutron  6.76707e+06  19.6698  -32.3146  39.9371
227784  neutron  902177  -39.4102  38.3657  -1.00459
228112  neutron  0.0952433  18.6797  14.8793  -49.5558
229857  neutron  1.48647e+06  -19.2994  49.9803  12.474
233026  neutron  0.0669045  -24.9984  40.4394  -27.6738
234221  neutron  0.00837167  -47.6363  -8.14829  26.2772
235181  neutron  6.64971e+06  27.8501  -46.7274  8.18706
235614  neutron  0.0406001  -15.6405  -32.2527  -41.7282
236954  neutron  5.0899e+06  -40.4821  -36.5078  7.38134
237439  neutron  1.45404e+06  -3.06325  45.5757  -30.6524
237544  neutron  1.12206e+06  6.14783  22.7892  49.6886
237647  neutron  6.98743e+06  -27.62  -6.63714  -47.1082
238241  neutron  0.0465217  22.8829  27.6104  -41.7149
238752  neutron  924341  -1.81792  12.2875  53.5893
239062  neutron  0.0424058  24.0926  -21.5153  44.5279
241602  neutron  3.9428e+06  33.1287  -40.0444  -18.0287
242435  neutron  1.91441e+06  -50.1757  -19.4641  11.3866
243061  neutron  0.248535  14.2431  28.5412  -44.8178
244055  neutron  0.10808  -38.9606  -38.5024  -5.07332
244739  neutron  224.812  -37.8676  -32.6829  -22.8906
245709  neutron  1.1492e+06  16.1165  -20.282  -48.5283
245783  neutron  2.61269  12.3174  46.7606  26.2264
246485  neutron  511844  25.7246  21.5814  43.5728
248365  neutron  2.06697e+06  15.9141  51.5437  -10.7746
248565  neutron  1.89112e+06  2.29172  -4.13164  -54.8067
251472  neutron  1.71693  54.715  0.105574  5.68886
252932  neutron  5.67056e+06  -15.5482  43.2036  -30.2952
253672  neutron  0.0361135  -33.6997  31.3343  -30.1428
258681  neutron  2.92177e+06  -15.9738  36.5389  37.8925
258719  neutron  719282  -46.5713  -27.3715  -10.3933
258830  neutron  8.30601e+06  -19.0909  -17.9525  48.3668
259159  neutron  155813  42.7737  31.6369  -13.9865
260804  neutron  3.77468e+06  7.82256  50.6087  20.0916
261307  neutron  3.87098e+06  34.2918  -34.0918  26.2283
262022  neutron  2.391e+06  -9.61159  9.41188  -53.3398
263731  neutron  3.05771e+06  -30.9159  -45.2357  4.90337
264387  neutron  0.0983999  -43.5176  26.9728  20.1193
265415  neutron  0.17473  40.9268  26.9677  -24.9768
269317  neutron  6.1103e+06  -9.14848  -16.8313  51.5666
269377  neutron  1.53716e+06  -48.2178  -7.95704  -25.2554
271449  neutron  4.7287e+06  -8.68222  -45.6304  29.4717
274293  neutron  2194.29  -22.2112  -25.9989  -43.0908
275265  neutron  1.13398e+06  -37.3173  36.0926  18.1889
277143  neutron  512.103  43.1924  -33.958  -2.71476
279659  neutron  0.0212048  10.3225  38.6235  -37.7859
280693  neutron  6.46744e+06  -49.7063  -9.276  21.6643
281618  neutron  0.0059249  -33.2721  -20.1065  38.9203
282677  neutron  6.90433e+06  35.0093  -10.2851  41.1663
284161  neutron  0.139066  53.0106  5.89575  -13.4617
286689  neutron  0.0347916  -13.6586  45.0081  28.5274
288104  neutron  2.02197e+06  48.8406  25.1596  2.77337
291365  neutron  0.00824798  -24.7418  42.2858  25.017
291430  neutron  4.9436e+06  17.8552  -51.0341  10.1397
291764  neutron  547036  46.4515  28.2646  -8.33505
292832  neutron  0.0154424  -44.8836  -11.7187  -29.5674
292870  neutron  0.123022  -3.16813  52.9908  14.4235
295690  neutron  3.20746e+06  15.0999  23.3862  47.4466
296386  neutron  4.22362e+06  49.3919  3.92473  -23.8984
298013  neutron  1.92109e+06  1.49817  52.1226  17.5241
298365  neutron  0.0255501  -40.7533  0.646042  -36.9439
300220  neutron  9332.9  -14.8883  -13.4293  -51.2259
300455  neutron  8.06187e+06  3.65312  -17.208  -52.1214
301361  neutron  7.10407e+06  -13.3353  44.2692  29.8078
301385  neutron  0.076422  -25.6993  46.1672  15.3047
301929  neutron  2.88866e+06  52.0295  15.6379  -8.63039
305673  neutron  0.0402141  -3.91285  -37.5004  40.0563
306279  neutron  0.0502999  47.1485  -27.6249  -6.32334
307101  neutron  2.56674e+06  -44.576  -28.2538  -15.5179
309121  neutron  1.78495e+06  -2.60994  32.5458  -44.2726
309503  neutron  0.0240543  -46.2857  -25.2789  -15.6431
309563  neutron  0.0474849  -48.6154  -14.8561  21.0225
312218  neutron  0.0174903  25.1237  14.5235  46.7329
313071  neutron  0.134061  25.7921  11.6395  47.174
313109  neutron  0.0740806  51.5588  7.63659  17.5919
316518  neutron  0.0567104  11.1942  20.3692  49.8587
317726  neutron  0.610912  -13.8116  33.0893  -41.7185
318613  neutron  5.21443e+06  52.3078  -2.722  -16.8101
319703  neutron  0.0139052  16.1206  41.433  32.3965
321828  neutron  1720.91  -2.95205  1.73168  -54.9034
322626  neutron  1.39077e+06  -29.5113  -39.1599  -24.9336
324044  neutron  53914.4  34.2737  42.7062  5.25275
324845  neutron  0.0138325  -5.87652  -54.043  8.42157
324965  neutron  823754  -32.8843  27.4469  34.5166
325157  neutron  1.71286e+06  -18.4377  10.1658  -50.8214
326160  neutron  0.0527218  -9.82381  -51.322  -17.1944
328021  neutron  0.0363752  -46.3345  -19.7789  22.091
331641  neutron  42200.4  -43.3912  25.7781  21.8813
333093  neutron  209807  -16.1111  -50.236  15.5845
333389  neutron  0.0156892  34.4213  -32.3638  -28.1755
334805  neutron  114.575  7.278  -35.7051  41.2102
335446  neutron  0.00671014  -0.772197  24.415  49.289
336092  neutron  0.0363541  -18.7049  37.8057  -35.3122
336216  neutron  134362  -34.6069  -28.9226  31.4952
337911  neutron  3.00342e+06  37.7668  -2.58206  -39.9137
338049  neutron  6.23746e+06  -40.3941  -37.2511  -2.60311
338362  neutron  74143.9  -0.908206  46.8739  -28.7769
339004  neutron  1.16564e+06  -53.6069  12.2692  1.36694
341469  neutron  751401  53.477  -12.8897  -0.412682
342107  neutron  0.0751089  -25.5862  38.9764  -29.194
342564  neutron  1460.48  41.3729  35.9986  4.30003
343882  neutron  19680.4  -44.3285  -29.7094  13.3579
345094  neutron  0.0376249  -23.4169  -27.9488  41.19
345327  neutron  4.76392e+06  -26.4358  -37.2294  30.6793
345715  neutron  0.0767667  14.7895  -28.9822  -44.3554
347170  neutron  0.0569152  27.7555  46.9945  6.87351
347293  neutron  6.09549e+06  -21.0789  -0.81644  -50.8047
348522  neutron  0.0150225  25.7097  30.9993  -37.4721
348599  neutron  230361  19.2606  -19.3116  -47.7723
349394  neutron  1.37655e+06  6.79154  44.7717  31.2324
349565  neutron  4.43399e+06  -42.6439  -4.67957  34.4339
350796  neutron  0.130374  39.7592  37.7358  -4.61655
352026  neutron  2.12026e+06  5.83269  -52.5842  -15.066
355109  neutron  12.5003  13.375  -29.9672  44.1495
355127  neutron  1.53238e+06  -23.6887  10.218  48.5854
355185  neutron  4.87955e+06  -45.3462  22.5043  -21.5262
359460  neutron  5.29474e+06  -50.6761  -18.7293  10.3559
360326  neutron  314394  -11.9326  -53.6283  2.77749
360540  neutron  0.0459739  -44.2483  -29.9486  13.0872
361733  neutron  85.1722  33.6541  -16.9805  40.0645
362989  neutron  4.20387e+06  -1.48142  -36.7202  -40.9333
364909  neutron  0.113832  33.281  -41.4717  -14.0915
364973  neutron  461776  19.2409  -51.5065  -1.72216
365612  neutron  358.17  38.8013  -36.5446  13.6032
365644  neutron  0.0102166  49.6687  19.5211  -13.3435
367923  neutron  6.90625e+06  -39.2331  -20.4955  32.6619
368426  neutron  0.0128804  -6.73223  8.14815  -53.985
369917  neutron  0.125582  35.7426  -17.8491  -37.815
371185  neutron  0.0541335  36.3789  37.4449  -17.3365
371449  neutron  0.183567  -15.7401  -51.1724  12.6387
372821  neutron  2.43532e+06  17.9323  48.394  19.041
373457  neutron  0.075053  27.6373  -16.4464  -44.6295
379031  neutron  0.0209263  -42.279  -27.3967  22.091
380199  neutron  0.0353164  -25.5017  -9.9591  47.7135
381505  neutron  2.12299e+06  -53.5732  11.3888  -5.1286
382638  neutron  474740  -14.2417  -17.6266  -50.1256
387280  neutron  0.0368919  26.4244  18.7929  -44.4373
387428  neutron  201451  46.67  -13.3775  25.8661
387690  neutron  0.0276366  -22.7444  -49.3392  -8.62792
388739  neutron  6.5012e+06  -28.7132  30.7485  35.4426
388889  neutron  0.0316296  46.2603  -26.6484  13.2644
390691  neutron  1.18929e+06  -18.1186  14.8069  49.7853
390691  neutron  1.05326e+06  -15.269  10.9974  51.6809
391922  neutron  0.0894794  -8.2255  50.9477  19.0465
391940  neutron  0.0467907  1.33906  45.8413  30.379
392257  neutron  0.0316904  2.03106  -52.7667  -15.416
397802  neutron  0.062328  -10.3421  -24.049  48.3817
398137  neutron  0.0415141  -41.0681  26.9348  -24.7796
398690  neutron  1.0518e+06  39.3921  -19.7786  32.9115
399367  neutron  1.22481e+06  -17.5591  -22.7157  46.9231
399789  neutron  0.0332901  1.75966  22.7454  50.0565
399959  neutron  0.0326677  -5.99915  22.806  49.6991
401482  neutron  0.0399226  17.906  48.9857  -17.4894
403317  neutron  5.21829e+06  13.636  -52.5756  8.71576
403449  neutron  3.973e+06  0.772045  17.556  52.1276
404715  neutron  0.0535152  52.7397  6.07223  -14.4137
406126  neutron  0.00580542  7.1049  35.1653  41.7016
407067  neutron  6.06201e+06  -25.3099  -45.4268  -17.9419
407364  neutron  254.091  16.4757  36.6093  37.6086
407391  neutron  0.083053  40.759  -27.603  -24.5536
408697  neutron  4.22524e+06  32.3625  18.2677  -40.5593
410876  neutron  1.44188e+06  -38.7132  -37.7583  10.0847
411306  neutron  2.44905  -41.8964  35.6461  -0.379855
411647  neutron  820346  15.8423  50.1644  16.0826
414284  neutron  0.107754  -49.5235  -23.8684  1.95491
414911  neutron  0.0323143  8.31635  8.65378  53.6847
418682  neutron  0.00642081  21.6691  -48.1462  -15.4434
419234  neutron  0.0615923  -17.7324  -51.9871  3.00045
419936  neutron  3.19768e+06  -11.9612  29.7025  -44.7302
422956  neutron  0.0258051  54.1389  5.81643  -7.82635
423131  neutron  285481  -12.8061  -45.699  -27.8156
423613  neutron  0.0356323  23.0518  -49.3933  -7.41704
425943  neutron  0.00943135  -0.511888  7.64097  54.4743
426030  neutron  5.3886e+06  29.136  14.9317  -44.2067
427658  neutron  0.0538621  46.7719  -25.372  -13.9552
428323  neutron  0.0170783  5.73618  24.0226  -49.1539
428370  neutron  0.0537359  -15.0608  27.83  44.9974
429116  neutron  7.16402e+06  48.1716  19.9711  17.5145
429387  neutron  0.161219  -23.5038  -16.8523  -46.7939
429823  neutron  1.72828e+06  44.6457  -1.39644  32.1078
434837  neutron  0.0311544  -14.245  -48.7973  21.0239
435046  neutron  5.1708e+06  16.661  30.41  -42.7053
435892  neutron  0.121309  -6.27181  -43.4012  33.213
436285  neutron  0.484144  -32.5067  -44.3773  0.257739
437918  neutron  982023  7.16645  -54.54  0.360688
438061  neutron  2.47821e+06  -36.4571  -12.4434  -39.2702
438311  neutron  0.0566646  48.9634  18.1571  -17.2917
439782  neutron  2.50396e+06  -26.032  0.908722  -48.4521
442582  neutron  0.0270279  32.078  42.6477  13.3522
443314  neutron  1.12364e+06  -46.6657  3.88528  28.8673
446383  neutron  4.80442e+06  -7.1789  45.1197  30.6395
446982  neutron  0.0433755  32.2688  -12.5429  -42.7493
447915  neutron  0.0273267  -30.7458  -44.9914  -7.52144
448232  neutron  2.73071e+06  30.6152  -11.7661  -44.163
449021  neutron  1.79564e+06  -39.9465  -33.051  18.3849
452975  neutron  182.657  34.9953  -42.3307  3.08918
455128  neutron  3.54829e+06  -32.6903  -33.1829  -29.2632
455964  neutron  3.2537e+06  -46.9489  -7.37914  27.7028
456037  neutron  809.132  5.37202  -47.8826  26.5424
456750  neutron  0.0423795  14.6071  42.927  31.1449
456824  neutron  6.44304e+06  18.113  27.5809  44.0149
460993  neutron  2.63284e+06  53.0156  -14.4158  -2.76161
461409  neutron  6.36313e+06  44.9781  -14.757  -28.0231
461879  neutron  0.0414269  43.8561  -16.1707  29.0044
461889  neutron  5.02294e+06  12.7233  -47.6026  -24.4583
462749  neutron  4.57283e+06  -18.1488  -27.5448  -44.0228
463949  neutron  0.0307768  -3.38727  -30.6333  45.5656
464194  neutron  0.595079  -34.6041  -20.3716  -37.5986
465868  neutron  947990  44.5824  25.5958  -19.5798
466334  neutron  0.0549138  1.32687  48.1377  26.5914
469916  neutron  5.82428e+06  49.2616  20.4982  -13.3874
470292  neutron  0.014252  46.4276  20.1253  21.5767
471836  neutron  6.69259e+06  -36.4404  -26.506  31.5536
471871  neutron  2.02635e+06  3.64  -41.0292  36.4617
471886  neutron  0.0916534  -8.74117  -52.7523  -12.9185
472415  neutron  767450  40.285  -24.7759  28.0957
472616  neutron  0.0244895  46.3216  16.0476  -24.9576
473716  neutron  0.0289556  5.61333  -43.8199  32.7782
475777  neutron  1.79038e+06  38.2536  34.1813  19.8595
476026  neutron  0.0270011  36.6795  -40.9754  -1.3158
476391  neutron  112.648  -8.6493  -18.9565  -50.9111
477196  neutron  40.2098  -10.3624  -53.9124  -3.4889
478231  neutron  0.0599499  -44.9063  23.3298  -21.5696
478660  neutron  613208  -21.9421  35.7221  35.6171
480675  neutron  0.0340997  -8.41258  -3.25926  -54.2651
480958  neutron  0.028752  -3.17591  54.586  6.03196
480997  neutron  1.60647e+06  6.04525  7.13563  -54.2092
481647  neutron  544358  -34.3632  -27.6876  -32.843
481695  neutron  0.0605759  25.6598  46.6088  13.9748
482702  neutron  566165  -54.2493  -9.08177  -0.796585
483302  neutron  1.81357e+06  48.8603  21.3854  -13.4698
485054  neutron  3.83887e+06  -46.2529  -29.1924  -5.88023
485066  neutron  0.0788054  4.22301  -28.2784  -46.9957
487256  neutron  0.0493795  -6.76238  30.1773  45.4939
487325  neutron  51170.7  28.1493  13.0791  -45.4164
487628  neutron  0.0630421  27.5327  -46.3114  11.1042
489543  neutron  735016  7.07101  -16.9846  51.8423
491933  neutron  0.0358714  4.74979  50.9713  20.1361
493052  neutron  5.26226e+06  28.1499  -27.6262  38.3468
494787  neutron  4.01368e+06  20.346  -27.6383  42.9914
496326  neutron  4.75229e+06  -39.5207  12.6448  36.1154
497336  neutron  0.0363721  -27.831  10.6356  -46.243
497883  neutron  0.0759999  -49.6261  9.03104  -21.9498
498551  neutron  0.136635  49.2375  24.4057  -2.47659
501152  neutron  4.57785e+06  -32.9772  -24.8467  36.3489
503159  neutron  4.90591e+06  -22.0702  47.2569  -17.4869
503593  neutron  1.57972e+06  -53.7014  -10.3397  -5.94563
504024  neutron  0.0745937  34.6419  -34.6352  -25.0287
506628  neutron  0.0249768  32.5298  -10.7341  43.0429
508295  neutron  4.3572e+06  15.9834  -50.7991  13.7872
508305  neutron  0.0615818  26.1283  32.8159  35.5883
508425  neutron  0.0434133  49.0835  -22.7257  10.0227
509503  neutron  5.35607e+06  26.0852  34.4068  -34.0857
510342  neutron  2.03192e+06  9.73574  49.4341  22.0813
512300  neutron  0.0503057  -54.11  -9.27584  3.48817
513799  neutron  0.0328813  -11.6223  14.1114  -51.8834
514040  neutron  0.0737836  -13.4449  31.0973  -43.3393
514781  neutron  16525.5  -16.6506  51.5708  9.45043
515215  neutron  35714.5  -15.4426  -50.7551  14.5448
518479  neutron  0.0474098  25.2286  -5.03863  48.6234
520300  neutron  1.94901e+06  -11.5534  -29.4448  45.0069
521487  neutron  0.104235  -48.1183  23.9329  -11.7449
521644  neutron  0.99139  36.211  -11.7024  -39.723
522083  neutron  2.53662e+06  46.1693  28.8644  -7.83198
523445  neutron  6.11135e+06  7.26433  -11.1587  -53.3743
523804  neutron  1.35717e+06  28.3203  31.8797  34.7526
524635  neutron  9572.36  -27.8793  -26.8039  -39.1203
524710  neutron  121071  -45.6456  19.9858  -23.3055
525553  neutron  555181  -0.534007  44.9195  -31.7499
527280  neutron  2.31614e+06  27.3159  -17.4604  44.4418
527860  neutron  3.01041e+06  41.3166  -5.63476  35.8788
527877  neutron  1.04504e+06  -45.9408  -18.908  23.6227
530187  neutron  6.57512e+06  -21.8631  -40.9653  -29.4949
530432  neutron  0.0576586  6.32433  15.4475  52.4164
532921  neutron  1.45251e+06  17.5316  18.0379  48.9221
534162  neutron  0.0276871  41.8886  -30.3356  18.7404
535513  neutron  145283  0.776195  20.8371  -50.905
535887  neutron  4.44422e+06  30.4786  5.60067  45.451
536823  neutron  0.621919  -49.1029  -10.9529  -22.2494
538221  neutron  0.0256646  -38.9454  34.1459  -18.5315
538912  neutron  14.2478  43.8576  26.4264  -20.1061
539082  neutron  2.64137e+06  -27.7764  16.7639  44.4246
539695  neutron  3.09283e+06  -6.60966  54.1264  -7.26261
540151  neutron  2.79255e+06  -54.7617  4.31847  2.9336
540954  neutron  2.03783e+06  41.4434  35.2721  8.02641
546442  neutron  0.0428539  43.5404  -4.26599  -33.3487
548752  neutron  4.73633e+06  -17.0507  51.9815  -5.77085
550677  neutron  3.54227e+06  27.7989  -46.8434  -7.68224
552841  neutron  1.17347e+06  -36.0619  -36.0739  -20.599
553519  neutron  1.20442e+06  -38.9808  34.7221  -17.3486
553729  neutron  0.0179695  -7.82709  -39.8759  -37.0776
555410  neutron  0.0251692  28.1908  4.16955  47.0531
556382  neutron  3.97716e+06  41.7709  35.7648  -1.47459
556789  neutron  0.055417  32.4668  -13.6041  42.2721
556959  neutron  2.10535e+06  -23.2164  38.4278  -31.7868
559568  neutron  891771  5.42901  54.0154  -8.88621
560474  neutron  6.58575e+06  -23.8711  -22.6762  -44.0688
562021  neutron  12568.7  -21.0487  -16.3541  48.1206
563029  neutron  0.0213448  11.5916  -13.0472  52.1681
563029  neutron  0.0299825  -15.7869  -3.6717  52.5575
563029  neutron  0.0746397  -13.0816  -4.43772  53.2473
563770  neutron  3.37216e+06  46.8325  14.2226  25.1106
567675  neutron  6.27251e+06  48.8786  4.17604  24.8907
568133  neutron  1.37781  -27.7741  -34.7335  -32.3772
568413  neutron  0.0504473  0.682856  1.7157  54.979
572233  neutron  5.04891e+06  -23.4596  8.6972  -48.9909
572700  neutron  0.0350972  9.49316  54.1829  -0.440189
572867  neutron  365261  4.45112  -54.8294  -0.158038
573650  neutron  7.06156e+06  -1.11013  36.1156  -41.4793
575047  neutron  0.00881312  20.6473  45.8916  22.2205
575892  neutron  0.0414298  23.5583  49.6254  2.9029
576561  neutron  8.66767  5.3444  10.2037  -53.7905
577558  neutron  4.62791e+06  13.2514  -34.4948  -40.7506
577559  neutron  874515  21.7573  21.8554  -45.5528
579873  neutron  0.0928164  -23.901  -37.0876  32.8535
583766  neutron  6.09357e+06  -36.9043  -23.423  -33.3996
584013  neutron  1.82719e+06  -45.107  -18.3173  -25.6113
588044  neutron  0.0572392  17.3426  -39.7351  -33.8593
588810  neutron  0.0986355  -6.96281  -30.1112  45.5076
591699  neutron  0.109781  -40.6455  -31.139  20.1098
596268  neutron  0.0150895  46.8864  24.8159  -14.558
597012  neutron  0.266872  7.75646  8.05122  53.862
600311  neutron  0.0850702  9.55033  -47.9907  25.1354
601088  neutron  7.36556e+06  -49.8446  -21.2156  -9.56637
602109  neutron  9.73114  -36.397  -36.242  -19.6945
603082  neutron  0.0331758  13.0377  -28.4705  45.2277
603304  neutron  0.0487388  -20.7565  5.76461  50.6166
607140  neutron  3216.96  53.5568  -8.67841  9.08066
608790  neutron  221607  -38.0018  37.4205  -13.4786
608971  neutron  3.29787e+06  9.43522  32.499  -43.3693
609909  neutron  0.0434776  20.7961  25.6934  43.9712
612852  neutron  2.43179e+06  -33.8927  -33.63  27.3205
614706  neutron  7.07497e+06  -17.5199  18.6084  48.7122
615295  neutron  5.74573e+06  12.7044  -51.3933  -14.9476
615428  neutron  2.89863e+06  29.978  6.08302  -45.7211
616112  neutron  0.0783454  -9.5967  -54.1585  0.930041
618482  neutron  3.07981e+06  -48.6805  -8.61691  24.1258
620461  neutron  0.0763227  54.4787  -2.00147  7.35962
622860  neutron  2.72657e+06  15.4406  44.6785  -28.1341
622991  neutron  3.82783e+06  -2.54549  41.3327  36.2109
623295  neutron  0.0799442  -33.1981  40.7956  16.1155
624425  neutron  16.9567  24.1269  -43.5027  -23.4841
625010  neutron  0.0664216  13.1169  -52.1174  11.7398
625246  neutron  0.0345418  -8.1634  31.7505  44.1742
626440  neutron  3.07993e+06  -17.6643  -51.2777  9.20166
627049  neutron  0.115977  19.1913  -48.5326  -17.3892
627907  neutron  0.0335549  53.4619  12.8229  -1.86953
629185  neutron  0.0172054  4.06395  -28.8646  -46.6521
629399  neutron  98.3143  -0.622981  -3.26794  -54.9093
629860  neutron  0.0913411  50.8676  3.1115  20.7101
630239  neutron  0.061758  53.6495  -1.03452  12.1143
631281  neutron  4382.04  -8.31714  35.579  -41.1225
631531  neutron  452652  31.0695  -42.6048  15.6722
632071  neutron  4.18166e+06  53.8629  -9.1729  6.38361
634041  neutron  101154  4.88657  45.6234  -30.3435
636779  neutron  5.41807e+06  21.5506  50.2936  5.67695
637263  neutron  6.67226e+06  -1.47979  -54.514  -7.2205
637996  neutron  20.1881  6.31861  17.615  -51.729
638830  neutron  2.95082e+06  -36.0239  -31.7752  -26.8089
640046  neutron  2.88089e+06  53.2276  -13.8852  0.353696
640648  neutron  6.86438e+06  -12.0969  0.692084  53.659
641512  neutron  985137  31.5746  13.5138  42.9712
643934  neutron  0.133691  37.2041  -29.4131  27.8716
647752  neutron  501885  28.4831  -9.71188  -46.0488
648672  neutron  0.0920423  33.7019  28.9084  -32.4744
650957  neutron  3.10275e+06  49.268  -2.4395  -24.3477
651059  neutron  0.0162287  42.3874  -5.78955  34.5817
651967  neutron  4.52123e+06  15.3338  -11.0293  -51.6655
653610  neutron  3.25153e+06  -20.0078  -24.9198  44.7749
654865  neutron  19198.3  5.18206  15.6799  52.4727
655519  neutron  28279.8  -21.5668  -48.6892  13.7961
655618  neutron  0.0853294  -11.6832  -53.253  -7.3291
657444  neutron  0.0126747  42.7381  34.2036  -5.44656
659532  neutron  2.04307e+06  -38.6305  39.1343  1.51338
662443  neutron  605922  -9.44058  -48.802  -23.5656
662584  neutron  2.34233e+06  -53.4945  -8.0985  -9.94231
663504  neutron  0.0276918  8.41992  45.7451  29.3699
663815  neutron  5.2263e+06  -21.666  15.9329  47.9878
663921  neutron  0.13646  -8.38588  13.3366  52.7059
664307  neutron  2.92411e+06  36.3399  -25.3095  32.6335
667793  neutron  98048.9  48.9955  17.1812  18.1756
667904  neutron  0.873902  -20.211  -50.158  10.0894
668213  neutron  0.0540841  -16.7468  -39.7964  -34.0866
668677  neutron  0.0707715  -32.728  44.0596  3.70536
669927  neutron  3.18311e+06  -6.48971  -31.8358  44.3899
671771  neutron  1.80402e+06  -2.11156  -46.0223  -30.0598
673294  neutron  692850  -8.62689  44.6489  30.954
673904  neutron  3.2304e+06  1.09322  53.2129  -13.9028
675693  neutron  3.63501e+06  50.2076  -6.01519  21.6591
676966  neutron  2.63227e+06  -33.3828  15.3671  -40.9333
677312  neutron  0.132591  27.2065  -3.14612  47.7075
681348  neutron  142.902  -19.0808  -51.5816  1.16867
684338  neutron  1.08662e+06  -36.3187  9.9575  40.0987
684473  neutron  6.24508e+06  -24.852  5.47626  -48.7697
688720  neutron  6.99874e+06  -13.1267  -48.2001  -23.0334
689120  neutron  0.024122  3.75737  -37.3796  40.1839
689145  neutron  3.54151e+06  -43.0072  2.45019  34.2122
689654  neutron  6.12391e+06  -20.5043  32.2544  39.5642
690126  neutron  0.0609234  32.4796  33.4103  29.2391
690301  neutron  1.96009e+06  -15.0504  -49.4831  18.7351
692050  neutron  0.0939584  -6.76207  -5.96595  -54.2658
694505  neutron  556.682  -0.986877  -13.3325  -53.3608
695807  neutron  0.321031  29.4544  41.9344  20.0011
697084  neutron  4.14401e+06  -23.3358  -13.3397  47.9957
700625  neutron  4.63003e+06  46.2928  -28.3364  -8.95135
700633  neutron  0.0662548  50.0591  14.6298  -17.4972
701602  neutron  5.70733e+06  -36.8165  40.0225  -8.29745
703212  neutron  7.09454e+06  36.2563  -13.772  -39.0117
703855  neutron  219116  -14.761  48.2617  21.8865
705581  neutron  0.0248529  -51.9146  -15.7776  -9.0575
706811  neutron  0.0351134  -43.1989  -20.7465  27.01
711256  neutron  6.74336e+06  11.2792  -38.3167  -37.8247
712411  neutron  1.54424e+06  47.1704  -22.3127  -17.4125
715554  neutron  2.32994  22.4225  49.981  -5.02257
716070  neutron  0.103543  -26.5827  3.77971  -48.0122
716113  neutron  4.36131e+06  6.69402  -6.95227  -54.1568
717728  neutron  6.42891e+06  -49.096  -20.5455  -13.9128
718006  neutron  0.0204606  4.50755  -48.927  24.7372
720867  neutron  0.0182602  46.2127  -9.16402  -28.3991
722644  neutron  3.46739e+06  -8.41522  -36.1494  -40.6018
722947  neutron  7.52551e+06  -30.9567  -14.0483  -43.2484
723140  neutron  13627.8  38.3749  -19.0588  34.4997
723813  neutron  2.77055e+06  -6.51212  54.2315  -6.52939
726108  neutron  4.94113e+06  30.8864  -19.791  -40.9933
726967  neutron  2.1581e+06  -23.9553  19.7317  -45.4192
727132  neutron  0.033889  -42.6026  -6.35459  -34.2161
727936  neutron  0.0709941  -17.0942  -51.5889  8.51305
728819  neutron  4.33149e+06  -48.152  25.0955  -8.81487
732371  neutron  0.0301258  26.0772  -29.9439  38.0715
733641  neutron  4.98767e+06  -20.4057  -17.674  47.9306
733799  neutron  0.0517864  43.9476  -28.8147  -16.2609
734639  neutron  1.60173e+06  54.3112  8.38382  2.47109
736088  neutron  0.106409  -40.6607  12.8384  34.7561
740184  neutron  144476  16.9451  -6.5779  51.9201
741131  neutron  0.329095  -19.7557  -50.3097  10.2347
742537  neutron  5.89154e+06  13.6148  1.69979  -53.2715
744403  neutron  1.84682e+06  -3.38075  -51.0967  20.0947
744564  neutron  5.4806e+06  32.7179  -38.4564  21.8343
745170  neutron  910520  -20.1545  -23.9144  -45.2548
746477  neutron  42.4914  30.73  43.7588  12.9204
746756  neutron  1.07135e+06  -29.1997  -46.4718  -3.72131
748256  neutron  0.0538852  11.7284  -34.9784  40.8051
750004  neutron  697140  -14.2284  -14.404  -51.1486
750424  neutron  62.0217  -52.0278  -1.4609  17.8065
753186  neutron  0.102662  38.7369  33.3507  20.3293
753519  neutron  0.0116252  33.7871  -3.5119  43.2689
754152  neutron  0.00538341  0.0762732  -37.0081  40.7001
755143  neutron  7296.68  6.35145  50.6995  20.3795
757919  neutron  0.0625764  9.44063  42.8265  33.2094
758710  neutron  1.61993e+06  34.7049  -17.9664  38.7153
760398  neutron  28377.3  -23.7933  -49.3778  4.67055
760446  neutron  1.63108e+06  -54.5075  6.69829  3.18851
761144  neutron  6.80366e+06  -39.6502  38.0177  -2.93643
762277  neutron  2.47817e+06  6.14225  52.6301  14.7799
762548  neutron  10225.1  53.2995  -11.2952  7.5948
762797  neutron  6.77271e+06  -36.5536  -35.5835  -20.5851
763060  neutron  3335.4  -41.7754  35.4532  -4.89771
763314  neutron  77218.5  -3.08599  35.0166  -42.3133
764670  neutron  0.01577  -46.4391  -29.1884  4.18941
767262  neutron  0.0201069  -13.5807  -31.1602  43.2517
767492  neutron  2152.58  -9.87516  30.7297  -44.5451
771586  neutron  0.117182  13.2519  48.5258  -22.2651
771886  neutron  0.0907077  29.5494  38.4977  -25.9009
772424  neutron  269631  -0.699486  17.6682  -52.0908
772723  neutron  0.0377663  20.9842  6.0998  50.4832
775464  neutron  0.0166551  -50.1894  -14.4047  -17.3098
775618  neutron  0.0564622  25.5578  -10.8787  -47.4821
777326  neutron  1.37133e+06  -52.9411  12.0981  8.77347
778460  neutron  0.128955  -15.2697  42.5673  31.3203
781862  neutron  602554  -1.3337  -39.8102  37.9403
782010  neutron  5.79734e+06  31.8399  26.0347  36.5311
782147  neutron  4.94831e+06  52.2056  3.78805  16.9211
783146  neutron  0.118254  -11.2789  -22.827  48.7628
783167  neutron  3.02917e+06  -14.5966  34.9849  39.8635
783204  neutron  0.0138465  -20.6879  25.8727  -43.9171
783728  neutron  3.41871e+06  50.5351  20.4823  7.26518
786728  neutron  1.76773e+06  -49.0378  -22.8604  -9.93951
788613  neutron  5.22041e+06  2.50729  43.5209  33.5521
788817  neutron  3.93052e+06  -50.4486  -7.58118  -20.5807
789321  neutron  0.00774128  -26.7405  -47.9763  3.05269
789534  neutron  3.29579e+06  24.572  18.6815  -45.5337
789729  neutron  6.09241e+06  34.188  -34.3825  25.9832
790962  neutron  0.0297077  -35.4445  40.7713  10.3678
791132  neutron  2.05996e+06  33.1412  17.5904  40.2286
792195  neutron  6.988e+06  0.345318  18.0277  -51.971
792487  neutron  0.0434319  -10.707  37.1655  39.1175
793211  neutron  0.0168686  38.1976  4.57042  39.3211
793810  neutron  0.0132685  5.76655  -54.4344  -5.45406
793810  neutron  0.0153181  45.6648  -30.2002  -5.26045
796475  neutron  155.647  -2.49038  54.8723  2.98883
796824  neutron  0.0371552  38.4658  36.2238  15.3076
799302  neutron  6.1328  -38.361  -9.15221  -38.3507
801235  neutron  6.52535e+06  -41.7278  34.8328  8.4594
802437  neutron  6.22006e+06  -1.81817  -54.9267  2.4193
805342  neutron  0.0392756  7.54591  -0.677408  -54.4858
807980  neutron  4.26062e+06  54.8364  -1.50296  -4.09996
812329  neutron  0.0128581  -47.912  22.2951  -15.2797
814309  neutron  14036.5  9.29406  54.2127  -0.838569
814870  neutron  0.0474366  -38.8402  23.7182  -30.9029
815180  neutron  0.0843719  44.4552  -24.3969  -21.322
817095  neutron  1.58071e+06  -6.41695  -10.8959  53.5369
817385  neutron  2.84297e+06  -46.0713  -22.0347  -20.4452
819817  neutron  1.34566e+06  -32.6126  -18.465  40.2686
820131  neutron  64905.8  -13.7334  -1.75379  53.2393
820251  neutron  0.0164397  -47.415  -17.9892  21.3145
821756  neutron  3.16071e+06  -29.9616  -45.7381  -6.03503
821933  neutron  2.24192e+06  -9.13912  4.32414  -54.0729
823975  neutron  0.0628712  15.6885  -17.5176  49.7303
824691  neutron  5.49213e+06  0.774097  42.4837  -34.9376
824710  neutron  0.0197676  -45.8604  28.4577  -10.6341
828722  neutron  3.22573e+06  -1.83526  38.8696  -38.883
828939  neutron  4.90581e+06  -7.22464  52.9384  13.093
829694  neutron  0.096258  17.663  20.6136  47.8456
830390  neutron  0.0235835  -22.7531  -7.839  -49.4666
830893  neutron  0.0344423  3.06911  24.7817  49.0158
832407  neutron  9.09763  3.73494  28.1101  -47.1378
834678  neutron  0.0638362  -46.2112  29.8242  1.06893
834825  neutron  8745.47  19.4725  -50.4518  10.0763
835299  neutron  30798.8  -12.9053  53.4708  0.656739
837730  neutron  0.0297031  15.8115  35.9088  -38.5572
837923  neutron  1.17017e+06  44.7896  14.9987  -28.1963
839414  neutron  0.0572749  12.7867  2.15298  53.4599
839752  neutron  2.83352e+06  3.52246  -30.2018  45.8426
839992  neutron  6.47472e+06  29.5882  -46.0214  -5.71591
840298  neutron  2532.58  -9.71327  -22.9959  49.0198
841925  neutron  0.0162338  -29.844  23.0985  40.0237
842600  neutron  2.82559e+06  31.8578  5.32993  -44.5284
843517  neutron  0.0549705  11.345  17.7736  -50.8084
843732  neutron  0.0360706  -29.8076  -46.2285  -0.728035
844068  neutron  0.0823076  -48.8138  -25.2577  2.31617
844643  neutron  3.67467e+06  -14.6698  49.3209  19.4512
844787  neutron  2.69054e+06  -8.4785  -33.8934  -42.4906
852368  neutron  4.19658e+06  -53.9634  0.261997  -10.6762
852880  neutron  0.0461265  -29.5995  -10.7607  -45.1018
854172  neutron  0.0329154  -32.8096  -43.3043  8.62402
854417  neutron  0.0329571  -7.75677  38.9261  38.0879
854998  neutron  1.55162e+06  24.2831  1.73611  -49.3297
855053  neutron  0.0749091  34.4424  37.6934  20.4701
855523  neutron  171.28  15.5329  -20.7961  -48.5011
857470  neutron  0.171212  45.8625  -25.9959  -15.7144
863432  neutron  103.591  -37.9449  -32.1796  23.4681
865959  neutron  0.08547  24.0007  46.4005  17.2355
867067  neutron  3.10402e+06  -17.7626  -21.9063  -47.2303
868975  neutron  0.0457497  -26.4631  -48.125  3.12814
870355  neutron  0.0322619  -45.3732  16.8411  -26.1486
870838  neutron  793596  45.3473  30.3261  -7.07435
875242  neutron  2.60131e+06  -26.0414  41.3079  -25.33
875425  neutron  0.053386  -13.5181  52.8362  7.1901
878829  neutron  0.0669621  -16.8129  -38.5664  -35.441
880831  neutron  3.44137  51.8866  17.5376  -5.1298
881155  neutron  6.48655e+06  -0.754009  5.02155  54.7751
882373  neutron  0.363183  -7.58229  20.7346  50.3854
883093  neutron  5.23324e+06  -1.91729  -54.3426  -8.32504
884348  neutron  0.0279343  10.7149  44.8361  30.0169
884404  neutron  3.63465  42.0408  -35.4777  -0.00276569
885450  neutron  0.0238906  32.9569  25.4932  35.9171
886126  neutron  3.45756e+06  -31.2363  27.4268  -36.03
886630  neutron  0.0338995  26.9526  -32.4115  -35.3434
887943  neutron  5.45366e+06  40.4252  32.1601  -18.9111
888074  neutron  0.0925144  -45.165  30.8957  5.6284
888490  neutron  0.238404  53.2523  -13.7118  -1.50856
888776  neutron  0.0480948  13.3936  42.5239  32.2247
888965  neutron  0.072947  -51.5821  12.8851  14.1196
890153  neutron  0.0824124  -20.9635  -31.3628  -40.0375
893117  neutron  3.45877e+06  40.0103  27.5797  -25.7805
893428  neutron  3.08959e+06  45.7126  23.5485  -19.5428
894062  neutron  2.339e+06  37.5301  20.9929  34.3058
895698  neutron  4.43077e+06  -39.7416  -9.96504  36.707
897106  neutron  0.0533586  -18.7752  -34.671  -38.3603
898293  neutron  5.0109e+06  -37.638  -33.2234  -22.4874
898380  neutron  2.79403  -26.6832  -18.2057  44.5271
899674  neutron  0.014446  -19.1671  51.335  -4.84143
900765  neutron  7.5162e+06  -4.88166  -21.9922  50.1858
901293  neutron  0.120725  -15.9378  41.6248  32.2407
904181  neutron  4.78391e+06  -37.8545  22.1793  -33.1846
904262  neutron  0.0994478  15.0519  51.6707  -11.3876
904624  neutron  0.0387616  -5.33071  -35.2399  -41.9026
906084  neutron  1.01649e+06  16.2948  47.5579  22.3345
906289  neutron  3.22899e+06  -36.018  -30.801  -27.9303
907824  neutron  0.1284  -53.513  11.9899  4.32462
909517  neutron  4.5071e+06  48.7414  2.86689  25.3409
912093  neutron  0.0587165  -37.3984  37.0318  16.0033
912440  neutron  0.116476  -40.7961  -36.7154  3.70812
914492  neutron  0.123133  17.9722  -29.5213  -42.7972
914779  neutron  4.8897e+06  -30.5453  2.05143  -45.7042
916011  neutron  0.0325099  33.3261  -28.4522  33.2557
916719  neutron  4.37177e+06  -1.77963  12.1138  53.6301
920114  neutron  3.86274e+06  16.5787  -52.2965  -4.03978
921882  neutron  0.153356  2.79478  -1.14012  -54.9271
922811  neutron  296.621  43.7416  -7.83874  32.4241
928426  neutron  5.08461e+06  44.6512  -4.29994  31.8415
930374  neutron  0.022324  10.0704  1.47776  -54.0602
933466  neutron  43145.9  17.835  39.708  33.6346
933479  neutron  0.0327842  37.7694  -37.0355  -15.0977
933632  neutron  0.0926516  29.9009  -29.4607  35.5543
935235  neutron  0.0454971  44.1793  -13.2435  29.9817
936072  neutron  4.407e+06  -33.2294  9.56965  42.7823
937383  neutron  0.0657701  -12.3765  -27.9352  -45.7444
938108  neutron  347349  -5.35653  32.6746  -43.9292
939806  neutron  0.0644505  -33.0471  33.0843  28.9728
940655  neutron  339.631  29.113  43.4257  -17.1097
941650  neutron  6.55366e+06  34.0141  -2.65482  43.152
942288  neutron  0.184885  20.3927  35.6059  36.6395
942444  neutron  649939  -29.145  19.5986  -42.3387
942596  neutron  191520  -38.1564  32.8676  -22.134
943754  neutron  0.0624227  -37.9836  26.9385  29.2859
944121  neutron  738530  -22.1583  -21.1426  45.6958
944327  neutron  5.48449e+06  -42.4193  -20.481  28.4118
944729  neutron  0.0182841  -12.9104  -51.9348  12.7355
946840  neutron  0.0418906  35.5554  39.273  -14.8169
948846  neutron  0.168784  -41.2584  -4.77215  -36.0703
949503  neutron  41.0404  -44.7148  -19.5194  -25.4102
950625  neutron  6.72811e+06  42.8342  -22.1708  26.4534
950808  neutron  0.00783541  -28.0915  -46.3053  9.63261
953514  neutron  1.11792e+06  -24.3613  -17.9598  45.9355
954891  neutron  0.0623318  -20.0643  -49.7143  -12.3294
954952  neutron  0.104885  -48.6161  -21.7921  -13.6995
955440  neutron  165064  -43.3896  -15.767  -29.9139
958402  neutron  1.48311e+06  -53.7625  -9.76054  -6.35779
959213  neutron  0.0341469  18.7817  15.5064  -49.3244
959382  neutron  2.52427e+06  -46.0448  -11.0738  -27.9884
960972  neutron  4.03126e+06  -23.4297  38.3066  31.7766
961272  neutron  0.175931  -13.7079  -48.1621  22.773
962924  neutron  23.1341  42.9311  27.542  -20.6024
963262  neutron  184244  19.1116  -14.4191  49.5271
964168  neutron  0.0507404  5.48515  -52.0335  -16.9862
964209  neutron  2.11589e+06  15.7848  52.3513  6.02342
964325  neutron  0.0212716  1.39285  -8.99972  54.2509
967175  neutron  2.668e+06  -39.416  -1.48712  38.3441
967761  neutron  0.0757306  9.87166  45.6959  28.992
968456  neutron  0.0996665  -36.9052  -37.5703  -15.8927
969972  neutron  0.0609159  26.3974  -37.0948  30.8748
970099  neutron  0.0717387  -16.6002  -22.1279  47.5488
970768  neutron  6.1212  -12.0098  -53.6813  -0.428493
971320  neutron  6.47949e+06  -37.231  16.772  -36.8599
972473  neutron  0.0539438  50.0332  4.30526  22.4553
974200  neutron  969002  37.6849  -38.01  12.696
974283  neutron  2.511e+06  -8.51172  37.983  -38.8709
974635  neutron  0.0234459  -19.4956  -40.7823  31.3501
975007  neutron  23.6578  50.0559  14.0639  -17.9641
975467  neutron  0.0275851  13.9029  -38.0056  37.261
976074  neutron  2.31819e+06  14.4351  -43.6596  -30.1921
977947  neutron  0.0525092  17.1249  -52.0916  4.39391
978844  neutron  9.08657  1.91746  37.0127  -40.6508
979053  neutron  0.0214175  18.161  -23.1336  46.4878
979592  neutron  0.130738  -14.3731  -49.1235  -20.1592
979639  neutron  8.35004e+06  35.0303  -26.1006  -33.4325
980069  neutron  332600  -40.6748  -5.67379  -36.5987
980576  neutron  6.81009e+06  49.3011  -21.5385  11.4718
982150  neutron  1.60197e+06  44.0201  -17.8487  27.7445
985843  neutron  1.71624e+06  -9.67407  -28.4061  46.1043
988170  neutron  0.039204  48.4019  18.786  18.1781
989559  neutron  926739  0.985959  19.3222  51.4954
990851  neutron  3.32089e+06  -46.9265  -7.83529  27.6154
992634  neutron  295029  -36.286  37.0591  -18.3317
992989  neutron  286532  -25.0845  32.6698  36.463
994169  neutron  6.18459e+06  -25.6738  38.3814  29.8969
995548  neutron  187084  -39.04  -13.8049  -36.2133
996194  neutron  2039.05  10.2951  -42.5433  -33.3194
996287  neutron  0.0147863  50.4859  16.7237  -14.0565
998501  neutron  0.098731  -47.1668  1.81458  -28.2506
999472  neutron  0.126876  -7.97391  -47.2408  -27.0338
