5658  neutron  5.63331e+06  62.7511  -14.8941  8.17124
9160  neutron  4.88391e+06  -17.6149  62.3806  4.96722
20712  neutron  0.0320755  51.7291  18.6827  34.6605
24772  neutron  5.41115e+06  -51.7403  -2.77024  39.2629
28016  neutron  4.50659e+06  6.2805  60.7079  22.3921
29214  neutron  6.09646e+06  3.21454  24.6683  -60.062
31871  neutron  1.88173e+06  -27.3984  -48.5291  33.4747
33102  neutron  1.4814e+06  -54.9558  -28.1629  -20.3227
34595  neutron  5.29779e+06  22.2215  49.659  -35.5878
40714  neutron  2275.79  -24.784  -53.0594  28.2269
44706  neutron  3.45733e+06  37.0657  4.48014  53.2199
47105  neutron  2.3144e+06  21.9199  -35.4572  -49.8859
48909  neutron  2.21153e+06  57.3443  8.00577  29.5608
52483  neutron  2.76395e+06  25.2688  -19.5032  -56.634
54063  neutron  0.119832  -10.7193  63.2651  -10.4367
58527  neutron  4.67875e+06  1.55995  -53.0925  -37.4841
59928  neutron  309386  -62.1959  1.39481  18.8687
66196  neutron  4.30266e+06  -36.9027  24.0281  -47.824
67097  neutron  1096.86  28.2137  -21.0858  -54.6414
71597  neutron  0.027043  -40.1816  50.289  -9.09717
73286  neutron  0.0383646  48.7886  41.1795  12.2563
82415  neutron  0.195049  37.5899  28.3887  44.8038
84236  neutron  0.0805865  2.46824  -64.7834  4.82907
96515  neutron  77694.9  9.56346  -15.4257  62.4251
99282  neutron  720033  -51.2517  -15.3507  36.9313
100076  neutron  4.66219e+06  -49.9879  17.6028  -37.6518
101770  neutron  1.4642e+06  33.6236  0.258902  55.6389
103093  neutron  32.1721  23.7258  -6.97062  60.1232
113558  neutron  0.0391535  25.6893  57.4462  16.3186
119042  neutron  72416.3  -41.8612  -34.195  36.1198
120053  neutron  0.0223367  11.0185  38.5494  51.1745
134906  neutron  0.0377597  5.64826  64.701  2.86065
135544  neutron  0.0582583  64.339  9.2966  0.609755
141636  neutron  0.0180931  -30.95  -56.2477  10.2274
143744  neutron  0.101604  11.0407  -46.2761  44.3049
146702  neutron  13942.2  -33.8271  -55.2192  5.73312
155838  neutron  0.0389331  17.0865  62.7211  -0.642668
158271  neutron  1.00306e+06  -45.7316  1.88166  -46.1669
160203  neutron  2.40564e+06  -48.0702  -5.51792  -43.4178
163014  neutron  0.0574129  -39.9493  -36.1245  -36.4056
174439  neutron  0.115966  7.62553  61.9444  -18.1945
180013  neutron  1.06786e+06  -6.56569  -9.24778  -64.013
191500  neutron  0.056655  47.2352  -41.3728  16.8355
195352  neutron  0.0311322  -1.60609  -14.5385  -63.3431
199431  neutron  3.29715e+06  -41.0148  30.816  -39.9307
202423  neutron  359572  -16.504  -55.5722  29.422
203611  neutron  0.0521337  -21.9619  -47.9924  37.9566
211092  neutron  0.06901  49.2883  -14.0188  40.0054
218694  neutron  0.0700128  47.2732  -24.7542  -37.1319
221705  neutron  1.10244e+06  25.2128  30.7263  51.4443
226763  neutron  2.57488e+06  64.7387  5.65062  1.80695
227798  neutron  5.88357e+06  49.1868  -2.81082  -42.4153
233772  neutron  6.51809e+06  2.05869  -6.54158  -64.6473
235814  neutron  0.100864  -20.517  38.3538  48.315
248748  neutron  4.86128e+06  -14.7931  -54.9449  -31.4408
261658  neutron  5.34147e+06  -21.9983  -45.4833  -40.9102
269921  neutron  0.0885345  -28.329  -58.5027  -1.09645
278371  neutron  0.0992882  -2.1427  -18.8821  -62.1705
279624  neutron  6.59919e+06  -6.68907  -5.35812  64.4426
283466  neutron  0.0623736  -15.8213  26.686  57.13
289416  neutron  0.134484  -28.3434  50.1924  30.0612
290224  neutron  0.00947603  -7.56137  36.4939  53.2665
295024  neutron  7004  40.5439  11.0424  -49.604
296462  neutron  6.75222e+06  -55.7108  -31.2281  -12.1411
298497  neutron  2.41263e+06  6.45489  62.1663  -17.8883
306802  neutron  6.68209e+06  62.5573  15.9794  7.58543
318113  neutron  0.0401699  -39.8204  -48.0788  18.1402
321798  neutron  5.02309e+06  -6.45554  -36.176  -53.6276
326660  neutron  5.57221e+06  -52.8462  33.9199  16.8234
330035  neutron  312343  -20.1211  -60.4491  12.9365
341689  neutron  165.559  -48.977  24.2556  35.2025
342878  neutron  0.0649885  40.573  49.4865  11.4552
343448  neutron  3219.71  -45.1117  -8.87141  -45.9623
350094  neutron  0.0163385  -26.8337  -44.7579  -38.7683
357417  neutron  0.0721463  14.2311  -63.3742  2.73507
357419  neutron  0.0153682  19.848  52.4712  -32.8501
359637  neutron  0.0300583  -32.5106  -33.2942  -45.3966
362354  neutron  674257  33.9814  -17.5613  52.5658
363012  neutron  0.0275845  9.14981  51.6211  -38.4428
368679  neutron  0.0983709  -25.4102  -58.0357  14.5765
373583  neutron  0.0230106  -61.1738  -12.2255  -18.2923
389371  neutron  128.431  -3.5702  -0.107392  64.9118
392434  neutron  4.47684e+06  16.2237  52.5885  34.6055
393640  neutron  0.0336737  58.8362  -25.2058  11.3694
394572  neutron  0.0252965  -7.46797  -52.7223  37.2947
395584  neutron  6.35213e+06  62.0033  14.9313  -12.6072
399547  neutron  4.02682e+06  54.5557  -14.9818  -32.0238
402121  neutron  4.38419e+06  52.2922  -19.3986  -33.3994
402473  neutron  6.43018e+06  4.48048  -24.8482  59.9065
404345  neutron  1.17535e+06  47.6555  43.8573  -5.63756
409614  neutron  1.70543e+06  -12.4096  58.8142  24.7628
413658  neutron  2.22406e+06  -2.53004  63.4247  14.0429
417822  neutron  0.0544113  37.0009  -4.09312  -53.2962
422322  neutron  5.45855e+06  -41.7055  -46.8561  -17.072
427350  neutron  2.4231e+06  54.6181  29.2304  -19.7166
428404  neutron  81.0878  16.9576  37.2798  -50.4872
432702  neutron  6.12659e+06  28.0897  -58.0985  -7.86342
438241  neutron  1.29049e+06  35.5924  48.6255  24.3934
441072  neutron  5.78752e+06  -42.5707  -28.871  39.7555
442326  neutron  4.73581e+06  51.6521  -21.5699  -33.0621
447280  neutron  1300.58  -54.4436  18.5805  -30.2813
449754  neutron  255360  13.9688  -46.0342  43.7267
453543  neutron  0.127461  -63.1318  -12.8662  -8.66796
461990  neutron  6.83608e+06  17.4057  40.2461  -47.9958
465079  neutron  4.90066e+06  57.8428  -10.5814  27.7227
466662  neutron  4.7914e+06  -45.2805  -36.963  28.4554
467267  neutron  40035.6  38.2332  51.0746  -12.4863
473713  neutron  5.91703e+06  -53.2412  -22.3324  29.882
475837  neutron  0.0211719  18.5333  -54.1713  30.7942
476495  neutron  2642.63  56.2465  32.4474  3.1299
477605  neutron  0.0694806  27.0275  -56.5993  17.0979
482206  neutron  0.0750239  -60.2168  23.3149  7.52671
490197  neutron  0.0497371  63.4957  12.7198  -5.72772
496345  neutron  0.0792662  -61.8444  6.84238  18.8348
500276  neutron  0.114001  -33.1851  -29.6854  -47.369
509729  neutron  8.83867e+06  -10.2817  27.2487  58.1214
514615  neutron  162480  33.4278  -33.4352  44.6203
520063  neutron  759703  35.4149  9.53191  53.6771
523645  neutron  2.69973e+06  -42.9182  -48.7419  2.92413
526924  neutron  0.00871796  6.09606  -28.6604  58.0321
528019  neutron  3.65509e+06  -58.6198  21.7072  -17.8553
534019  neutron  0.160975  -42.6463  -36.7258  -32.5394
536952  neutron  0.0133881  -63.5887  -4.83286  -12.626
549843  neutron  0.0572456  -57.7533  -26.4605  13.8094
559428  neutron  1864.17  -20.5087  -45.5404  -41.6145
560095  neutron  2.98571e+06  -62.8925  -0.111978  -16.4566
577093  neutron  117539  17.4624  -59.7004  18.9005
577697  neutron  0.116449  35.5306  36.3672  40.513
577697  neutron  0.0867367  36.1431  49.6949  21.1918
577697  neutron  0.0898353  36.1356  49.9415  20.6486
583427  neutron  1100.44  -51.1329  -38.1477  -12.5091
596769  neutron  0.115418  -7.5778  62.9267  -14.4608
597447  neutron  0.138338  15.035  34.5366  52.9856
624033  neutron  0.0487877  -41.2722  9.46256  49.3292
625596  neutron  5.8012e+06  35.4791  -14.7193  -52.4488
628022  neutron  0.0221946  41.2404  4.0484  -50.0913
628022  neutron  0.0124444  38.8696  39.9164  -33.4788
628022  neutron  0.0503293  39.1159  39.5447  -33.6521
628128  neutron  28878.5  -24.0912  44.5898  -40.7144
631491  neutron  0.0770106  -5.39405  -42.3248  49.0491
636803  neutron  2.2546e+06  60.7639  0.400046  -23.1059
638822  neutron  778009  35.9906  38.5511  38.0104
640949  neutron  4.45924e+06  -62.6066  6.35256  -16.3206
648563  neutron  1.28259e+06  1.5292  -35.0656  54.7208
650702  neutron  3.67504e+06  53.406  33.3225  16.2391
655502  neutron  0.0803293  -8.72118  15.743  -62.4692
659729  neutron  3.22159e+06  19.8129  9.9448  61.1134
669780  neutron  0.101085  5.52374  -15.3784  62.9229
670165  neutron  4.19786e+06  29.7005  14.2867  -56.0363
693002  neutron  4.19562  35.1984  20.0788  -50.8352
694914  neutron  0.0477702  15.5941  -62.665  7.49813
696217  neutron  0.024245  -43.1155  -1.63966  48.6278
700264  neutron  0.0463801  41.4205  -44.9634  22.1118
704311  neutron  1.04868e+06  -7.61154  45.0572  -46.2409
714531  neutron  66.2215  62.3014  -18.2896  -3.21351
717476  neutron  2.55145  62.5342  -16.0178  -7.69412
719744  neutron  23493.3  -56.5964  -30.506  -9.61956
725088  neutron  337896  53.3222  -37.1749  1.03297
725273  neutron  842569  -40.494  -7.48886  50.3036
730971  neutron  5.6533e+06  62.4152  6.60553  16.9412
742268  neutron  5.01924  19.6585  15.1826  60.0777
759527  neutron  0.0421793  42.5769  -33.8613  35.5938
759878  neutron  298855  -44.677  20.0558  42.7555
766229  neutron  5.08419e+06  -23.7822  42.9229  -42.6419
781852  neutron  379571  20.9572  -34.0407  -51.2672
782101  neutron  3.00905e+06  -40.3435  47.821  -17.6594
783768  neutron  7.06551e+06  -19.7517  -56.1865  -26.0624
786394  neutron  0.018642  20.7532  -49.0946  -37.22
786591  neutron  26.5795  -0.085742  -1.27889  -64.9974
789343  neutron  0.0410139  59.4963  -22.554  13.3345
790393  neutron  0.156597  21.8274  21.3174  57.4059
793384  neutron  252.554  3.19142  -52.8421  -37.7337
813355  neutron  0.0129218  37.1005  -31.4497  43.1366
816380  neutron  0.0597391  16.9667  41.3318  -47.2241
819924  neutron  4.19696e+06  51.1291  -4.56216  39.8911
821247  neutron  0.0892417  42.9266  -23.3924  42.8532
834051  neutron  442185  27.6336  -5.43478  -58.5931
836458  neutron  0.0607764  -16.588  -56.6721  27.192
846485  neutron  1.16502e+06  -45.2143  20.8926  -41.7788
847287  neutron  4.64526e+06  27.7797  -30.4539  50.2708
859892  neutron  4.48996e+06  -38.2309  -36.7276  37.6269
864706  neutron  0.015074  -17.6483  23.7318  57.8933
869428  neutron  0.0670257  43.4876  26.7502  40.2437
870536  neutron  0.0133157  -42.6777  0.758928  -49.034
870536  neutron  0.0206671  22.3483  -12.8917  -59.6604
870536  neutron  0.0513916  22.976  -13.1289  -59.3804
875048  neutron  78097.1  41.2754  50.2247  -0.342251
877012  neutron  4.73969e+06  58.7945  -14.9164  -23.3881
887953  neutron  0.00581861  -27.6995  40.4126  42.7301
891459  neutron  0.0859574  45.4248  -44.4957  13.5285
898056  neutron  2.47307e+06  -18.5572  -40.122  -47.6671
901120  neutron  5.44005e+06  -1.78983  40.0521  51.1754
905110  neutron  2.05205e+06  32.1049  -11.2811  -55.3924
922278  neutron  0.082004  52.8989  12.3827  35.7025
934330  neutron  0.0548021  53.2295  34.8095  13.4616
934906  neutron  302878  -1.1401  -39.0119  51.9911
936838  neutron  237440  -46.8185  44.1105  9.41237
938083  neutron  2.75015e+06  -0.951484  -41.7836  49.7949
942918  neutron  0.0444282  -11.3564  12.1867  62.8396
951690  neutron  5.28469e+06  -58.6424  12.5001  -25.1221
952105  neutron  6.56284e+06  -13.8777  0.139431  -63.5113
952410  neutron  4.55451e+06  -61.0729  -6.63238  -21.2701
953202  neutron  6.7434e+06  9.63026  -61.6463  -18.2562
959441  neutron  4.77048e+06  -41.4222  11.026  48.8767
960992  neutron  4.65417e+06  -20.3759  -56.6205  24.6017
963662  neutron  20799.8  58.0014  -27.0406  11.4432
969441  neutron  0.0495893  59.7302  25.6525  0.740403
971852  neutron  0.0160951  -27.0062  -9.99628  58.2841
972358  neutron  0.0411729  8.91603  26.6076  58.6416
974401  neutron  4.48956e+06  -62.4983  17.5588  -3.45782
983974  neutron  3.50952e+06  -47.3083  1.62968  44.5597
985403  neutron  794287  -39.9528  -30.8063  41.0005
998399  neutron  12889.5  8.49598  44.2272  46.8836
998943  neutron  182856  40.03  -8.85191  50.4534
