26583  neutron  0.235882  4.58954  -54.0435  -51.8145
60436  neutron  13553.8  39.9336  9.17497  -62.8301
74463  neutron  1.50412e+06  12.6827  -52.0741  52.478
110309  neutron  1.95346e+06  -43.2923  -45.724  40.7627
148573  neutron  0.0274861  -18.5593  72.5738  -3.88604
153936  neutron  0.0797689  59.5097  38.4059  -24.6998
168374  neutron  9.96594e+06  -48.9063  34.0379  -45.5642
183168  neutron  0.0553846  -55.2458  47.5779  -17.628
185937  neutron  908432  52.7649  30.8993  -43.4466
211480  neutron  4.13196e+06  47.8526  6.45099  57.4022
235059  neutron  0.0391823  -54.0189  -42.3466  -30.2527
235957  neutron  0.074143  54.0816  3.1888  51.8798
245957  neutron  6.66724e+06  -66.2915  33.0038  -11.9452
257599  neutron  0.112873  -7.43657  -62.8658  40.238
259334  neutron  2.79531  -53.3572  15.7028  -50.3283
267543  neutron  0.0646702  -34.7882  15.9202  64.52
269603  neutron  697049  15.3493  4.43918  -73.2884
273895  neutron  0.124734  62.7946  -26.3788  -31.4244
307862  neutron  757228  -59.9282  -10.2211  -43.9391
317621  neutron  1.05582e+06  -31.2936  -58.7722  -34.5405
328516  neutron  0.060042  -50.8777  -25.8857  -48.6609
392720  neutron  707134  -12.7333  73.9207  -0.304057
393029  neutron  1.72616e+06  -3.63729  -74.6307  6.5977
397450  neutron  6.50411e+06  -71.3983  20.4968  10.4245
404378  neutron  978.16  61.0783  25.5272  -35.2747
428630  neutron  1.03666e+06  69.4842  -25.4887  -12.1972
466509  neutron  2.30673  16.5037  55.5621  47.6128
474729  neutron  3.5731e+06  -31.3542  -65.229  19.7129
479196  neutron  0.073072  -51.3328  53.9727  -8.85407
506400  neutron  3.84832e+06  -15.8113  -46.0569  57.0549
553732  neutron  426.482  42.8785  7.37194  -61.1031
587902  neutron  5.52707e+06  45.971  45.9548  37.4343
589176  neutron  2.26923e+06  55.6168  33.9187  -37.186
603743  neutron  1.39189e+06  -45.6523  -3.14016  59.4349
611066  neutron  0.0790294  -11.6432  56.4635  -47.9876
623033  neutron  86.3371  -52.2682  -22.4925  48.8736
658596  neutron  891458  9.05077  33.5119  -66.4947
676075  neutron  2.63501e+06  -74.7257  3.51241  5.49907
684076  neutron  5.87301e+06  -74.1043  -6.48161  -9.64593
692556  neutron  0.118559  25.2953  -59.6754  -37.7557
732679  neutron  1.53438e+06  -26.5506  -39.8784  57.7173
737009  neutron  7204.96  -62.7331  40.8176  4.99852
756478  neutron  7.09902e+06  -19.2667  49.3306  -53.1205
765346  neutron  0.0121115  48.4049  -26.9826  -50.551
831296  neutron  4.97724e+06  21.6273  -58.098  42.2301
841495  neutron  3.43469e+06  26.7374  36.5028  59.8261
874930  neutron  414868  40.1679  -63.3465  -0.518984
904375  neutron  1.03123e+06  -11.114  9.21973  73.6069
938861  neutron  6.39877e+06  -45.0741  -59.1552  9.77156
945591  neutron  4.33035e+06  -44.8709  49.8435  33.5965
973729  neutron  5.76775e+06  10.6665  -6.62153  -73.9519
979436  neutron  6.69656e+06  24.6916  -68.2721  18.8612
983215  neutron  0.0893386  24.1227  52.5059  47.8302
990692  neutron  0.0551538  -50.9099  30.6618  45.7661
