659  neutron  1.29215e+06  9.17905  40.0714  -43.7176
10682  neutron  5.00848e+06  39.9293  8.721  43.9408
12709  neutron  1.91749e+06  26.3763  -46.4758  -27.3036
14330  neutron  886979  41.3884  -18.072  39.5171
16750  neutron  4.38192e+06  18.7938  56.9797  -1.14539
20954  neutron  0.00577165  -10.5872  -58.6409  7.0961
23121  neutron  712281  35.7073  -41.6929  24.2465
23457  neutron  5.08087e+06  37.9805  -46.0712  -6.01025
24683  neutron  3.45334e+06  -54.1479  -15.1952  20.9358
29481  neutron  2.4044e+06  13.2166  28.4666  -51.1485
30515  neutron  3.59248e+06  50.7905  -30.1268  -10.6724
30938  neutron  0.057784  -58.1383  -12.3972  -8.21238
31105  neutron  0.0219528  56.2809  -2.76781  -20.6397
41775  neutron  96202.3  -41.1446  -21.0207  -38.2943
51078  neutron  1.3442  -26.9711  -12.1702  52.2077
51234  neutron  0.0200472  -5.22659  58.2211  13.5713
55343  neutron  0.003374  -20.1919  42.3472  37.4192
57152  neutron  4855.9  -58.048  11.649  -9.79443
57573  neutron  0.0605145  43.8457  -32.701  24.6861
60123  neutron  0.0142003  -8.13968  14.03  57.7763
62102  neutron  5.38379e+06  -49.2703  -33.2024  -8.43998
64141  neutron  5.13801e+06  30.2138  49.3216  15.9907
67099  neutron  0.0188581  4.50365  19.9553  -56.4154
69520  neutron  7.15598e+06  -1.74729  43.1467  -41.6714
70973  neutron  2.55347e+06  44.4815  25.5535  -31.1387
72091  neutron  0.0102718  18.9679  36.6528  -43.566
74594  neutron  777452  24.8627  47.6222  26.7428
83058  neutron  706572  -20.1202  49.3737  -27.543
86351  neutron  27474.6  -34.7718  25.3268  -41.8411
86570  neutron  47.4885  -29.1905  -42.0594  -31.3069
87777  neutron  0.0738196  -7.95499  11.5656  58.3451
89896  neutron  2.74785e+06  -53.0421  27.975  2.26487
96969  neutron  1.8836  -50.7399  -26.7903  -17.5767
102772  neutron  0.0247962  -13.0117  14.2146  56.8317
109104  neutron  163904  -22.5475  -42.9534  -35.3244
109208  neutron  1.29714e+06  -13.2989  -56.8054  -14.0527
111711  neutron  2.46322  7.11825  -42.5644  -41.6989
120253  neutron  0.0426725  -14.115  55.3026  18.5361
122247  neutron  133328  1.65866  11.7976  58.8155
122614  neutron  0.0363096  41.0688  43.3628  -5.85042
124655  neutron  0.0647984  49.0258  34.6051  0.404262
126492  neutron  0.103841  -4.41879  13.322  -58.3455
128784  neutron  1.27158e+06  -57.5618  15.555  6.77391
134606  neutron  4.56899e+06  18.0346  33.6457  46.3025
135730  neutron  0.0931152  51.7182  25.279  -16.9528
136448  neutron  2.45175e+06  -12.1007  22.3004  -54.3826
137506  neutron  0.020869  -45.7022  9.04099  -37.8255
138663  neutron  0.0261575  -1.69406  59.3849  8.47162
140972  neutron  0.0303462  -39.4178  -36.559  26.6623
143193  neutron  0.142442  -23.4886  -6.86952  -54.7932
144199  neutron  0.0246863  15.5374  37.5496  44.1568
149525  neutron  0.0673234  55.8385  -16.2163  14.8422
150754  neutron  0.0615388  -57.5969  -1.70584  16.7597
153462  neutron  0.231937  -21.2989  37.1489  -42.0418
159202  neutron  3.0607e+06  -13.7096  -50.578  29.2422
162299  neutron  4.33067e+06  19.3391  55.9016  -10.1098
165731  neutron  0.320036  -35.241  -41.6271  -25.0291
168474  neutron  0.0473835  -43.5792  -9.34201  40.1843
169483  neutron  0.0115458  -26.0349  25.2868  -47.7908
171001  neutron  2.63142e+06  -52.2759  -20.7479  -20.9274
174868  neutron  0.0414074  -49.1663  -0.122815  -34.4072
175708  neutron  2.66145e+06  -29.0347  52.189  -5.87328
183208  neutron  81701.1  -34.0813  -24.7848  42.7244
186129  neutron  306227  41.7666  40.8459  -13.7245
186243  neutron  21437.9  -31.2548  30.0292  41.504
186706  neutron  0.0966545  20.4362  -42.9944  36.5382
190419  neutron  0.0846749  -41.928  -20.6133  37.6608
190561  neutron  0.0639365  15.517  37.5908  44.1288
196793  neutron  0.0430972  0.866673  -58.8389  11.7656
198028  neutron  6043.99  -52.6889  14.4305  24.8362
208984  neutron  0.0536085  28.7179  51.5074  -11.1115
209424  neutron  5.58626e+06  10.6827  -7.18914  -58.6123
209596  neutron  1.5813e+06  53.8546  -26.4595  -0.87981
210264  neutron  0.0212142  0.639134  2.94128  -59.9345
214508  neutron  0.0919179  54.7093  -23.5587  -7.28567
217476  neutron  4.2013e+06  45.5512  33.4932  -20.112
221871  neutron  2.0455e+06  21.0288  -42.5184  36.7584
230651  neutron  5.67096e+06  28.071  -18.0977  -49.8567
234946  neutron  0.033849  -30.7323  -49.4129  -14.666
236640  neutron  0.104989  -31.2796  39.046  33.139
239096  neutron  0.631499  -34.7203  2.32824  48.8905
239312  neutron  4.80017e+06  -6.81298  -30.7434  -51.0845
242077  neutron  0.0794431  41.3775  -42.7547  7.81912
243491  neutron  2.66661e+06  22.5765  -34.0858  43.9279
244097  neutron  0.00945568  1.76223  18.9645  56.9073
250547  neutron  1.8966e+06  11.3729  54.023  23.5238
252191  neutron  0.0240927  52.668  -24.0546  -15.7688
254792  neutron  0.025256  48.6027  -35.0633  -3.08859
258994  neutron  0.019772  -26.5703  53.7858  1.51972
260643  neutron  0.0087648  23.4001  -32.8468  44.4379
265813  neutron  4.912e+06  39.8866  -31.5899  31.8172
271429  neutron  0.162881  -34.8698  -46.0852  -16.1694
271960  neutron  0.0146135  -40.1134  42.0458  -14.9757
275361  neutron  263833  -15.7278  51.0868  -27.2759
276994  neutron  1.25601e+06  -10.2677  -59.0106  3.67737
282234  neutron  0.0322132  -39.0059  33.3934  31.0583
283544  neutron  0.0270708  38.7191  -44.0139  12.8378
289454  neutron  0.0407418  19.2209  1.38688  56.8316
289480  neutron  5.43583e+06  26.6256  53.7696  1.05153
302792  neutron  0.0128858  40.2566  -38.319  22.6332
306619  neutron  5.24442e+06  0.49348  -31.8114  50.8821
309148  neutron  4.74265e+06  -38.9991  24.1318  38.7031
311128  neutron  0.016926  20.8267  -45.454  -33.1871
314344  neutron  2.44063e+06  18.2225  15.5122  -55.0319
317950  neutron  3.42126e+06  -7.86159  -34.8757  -48.1984
321430  neutron  4.5291e+06  -11.3506  44.8863  -38.1783
323131  neutron  0.125458  52.3973  -19.637  21.682
324395  neutron  0.0378488  12.8229  29.9952  50.3693
331710  neutron  0.0361306  37.3096  -23.2069  -40.8734
336891  neutron  2.10863e+06  -45.9082  -38.1641  -6.09381
339344  neutron  5.68585e+06  -58.7934  -7.14728  -9.66722
341428  neutron  0.0390007  -21.1603  -7.51712  -55.6501
341618  neutron  0.0403262  9.2348  -3.82149  59.1719
344799  neutron  5.34061e+06  5.31735  -59.7405  -1.9993
345816  neutron  382700  24.2769  -54.8494  -1.83711
348439  neutron  4.82063e+06  -15.1529  -36.0164  -45.5457
350956  neutron  1.70925e+06  1.29621  -1.87426  59.9667
352542  neutron  6.0651e+06  -20.4864  45.797  32.9263
353092  neutron  0.0246484  -55.2032  -11.1103  -20.7453
365659  neutron  0.13789  -0.568598  29.8378  52.0632
366794  neutron  4.35395e+06  -40.5699  -41.765  14.5247
368356  neutron  107.417  24.6961  -51.0982  -19.5007
368967  neutron  0.0525305  -34.629  -48.9904  -1.4034
369656  neutron  0.0564711  48.2357  -35.639  2.0934
370172  neutron  934689  -27.5355  7.57408  -52.7791
371349  neutron  6.19364e+06  57.1238  -3.088  18.1254
374637  neutron  2.70206e+06  43.8409  -40.5569  5.85779
376483  neutron  0.0339742  -48.5686  7.10251  -34.5231
377519  neutron  5.85939e+06  40.0082  -26.7137  -35.8738
380078  neutron  6.1813e+06  -15.6709  35.2547  45.9644
383952  neutron  2.57776e+06  43.2878  -39.9875  -11.3298
389861  neutron  2.00552e+06  18.1827  -37.4999  -43.1781
390593  neutron  0.0679667  56.0116  4.39822  -21.0844
390871  neutron  1.77036e+06  32.4196  12.8043  48.849
392120  neutron  4.12527e+06  -55.7028  -9.5781  20.1659
393231  neutron  2094.73  16.1323  41.4656  -40.2685
396388  neutron  3.05913e+06  10.1289  -59.0844  -2.76434
397268  neutron  0.0205887  -33.6641  4.99107  49.4269
397533  neutron  3.35812e+06  7.39158  10.8169  58.5624
401792  neutron  4.19143e+06  -23.684  -48.0283  27.0843
404886  neutron  4.56505e+06  17.3109  55.4429  -15.087
408277  neutron  0.0491149  46.7301  -31.7006  -20.3117
412406  neutron  25902.6  21.1847  -3.24939  56.0522
414496  neutron  4.38091e+06  -8.23099  41.6764  42.3855
415944  neutron  0.188344  38.8398  -40.5151  21.2414
417755  neutron  166897  37.1432  -7.54504  -46.5259
422271  neutron  2.20089e+06  -57.3875  -14.4074  10.0152
426862  neutron  0.0396383  -30.4262  46.516  22.6209
433367  neutron  0.0274742  46.2982  -19.837  32.6216
436941  neutron  0.0608221  -30.6586  50.7148  9.44758
438818  neutron  3.93522e+06  33.7014  26.7612  41.8241
440705  neutron  6.44216e+06  -21.3755  -50.2493  -24.8856
441469  neutron  9.21484e+06  -5.33339  -44.4361  39.9773
442235  neutron  3.87782e+06  18.1564  -41.4969  39.3644
444131  neutron  4.86657e+06  37.822  3.96185  46.422
446811  neutron  71152.2  -39.5411  -35.7035  -27.6217
447957  neutron  0.0629448  -57.1662  -6.10406  -17.2037
448007  neutron  1.56749e+06  59.7464  -2.39324  -5.08313
450267  neutron  2.70523e+06  -45.8675  -28.4777  -26.1992
453911  neutron  1.40975e+06  -16.0749  54.9336  18.0304
455680  neutron  0.0488931  -18.9606  -14.0648  55.1713
458428  neutron  0.0345402  32.4016  45.785  -21.3325
464202  neutron  0.0341645  -39.0637  30.1269  34.1702
464254  neutron  3.06849e+06  -18.3511  53.42  20.2667
469351  neutron  310882  17.1938  -20.2652  -53.8042
474319  neutron  1.96909e+06  45.2498  25.249  30.2678
477088  neutron  0.0546062  -13.8705  -22.6118  53.8286
479678  neutron  924878  23.5814  0.79706  55.1768
480206  neutron  1.22178e+06  -32.0663  -42.3241  27.9575
483963  neutron  0.929604  -37.6839  46.6781  -1.50917
485040  neutron  0.0901755  0.40469  58.6808  -12.554
488528  neutron  4.03514e+06  7.21317  25.6876  -53.7524
490974  neutron  5.18369e+06  -3.32323  -10.6258  58.9682
493873  neutron  0.0675216  -42.4777  5.70647  42.0034
494029  neutron  424807  -34.3542  5.68881  48.8736
494838  neutron  2.2297e+06  53.9087  7.84029  -25.171
498484  neutron  0.0126962  59.421  6.68147  5.06961
498640  neutron  4.1364e+06  -21.1959  -41.8104  -37.4677
503496  neutron  0.0142876  4.37715  15.2924  57.8635
503981  neutron  1.93511e+06  -42.6285  -41.5775  -7.43783
504851  neutron  2.06459e+06  25.7753  50.8933  -18.62
505217  neutron  6.52915e+06  8.42901  21.6455  55.3319
505331  neutron  0.0210564  -40.4897  6.39648  43.8278
515341  neutron  205.928  -33.8765  -8.92652  48.7227
516939  neutron  6.73865e+06  9.29037  -29.1373  -51.6324
520046  neutron  0.243443  33.0716  27.0665  -42.1292
522744  neutron  5.69331e+06  -40.9391  -43.1227  -8.10082
527227  neutron  0.0213918  0.126705  -37.9079  46.5207
529436  neutron  0.019483  -24.8874  -17.208  51.8238
533207  neutron  1178.48  1.44088  -58.8003  11.9015
535944  neutron  0.0525174  -54.9419  -12.9728  -20.3542
537441  neutron  4.47629  38.5259  -21.8874  40.471
538237  neutron  0.0116352  -9.41321  29.0346  51.668
539641  neutron  0.0247641  -38.4983  -37.3759  26.8724
544561  neutron  0.105213  -22.5949  41.8085  -36.6431
545625  neutron  0.0803764  -1.50572  33.6172  -49.6872
545668  neutron  0.0755907  -1.73355  53.8751  26.3756
546714  neutron  0.0303438  -8.71955  -48.2454  34.6056
551375  neutron  1.08095e+06  37.4547  -44.4578  -14.8946
554107  neutron  2.00895e+06  -54.617  24.0992  6.1165
560168  neutron  576363  29.9495  50.5229  -12.3152
561900  neutron  5.2851e+06  -15.243  51.404  26.9533
566478  neutron  0.0235638  -15.6992  6.95896  -57.5005
566579  neutron  2.39598e+06  -48.7562  21.0038  27.98
567479  neutron  8.05749e+06  -28.5882  -13.3118  -51.0559
568665  neutron  41.0921  -55.0143  -22.2862  8.82875
569814  neutron  247.913  -1.87705  51.6529  -30.4903
570332  neutron  308080  24.1289  45.0625  -31.4383
571019  neutron  1.8895e+06  33.2872  -29.3661  40.3831
571155  neutron  0.0202228  43.1184  31.278  -27.6349
574360  neutron  186.148  5.36785  -53.7447  -26.1514
577878  neutron  4.17404e+06  -45.4857  37.3784  11.6235
583504  neutron  6.95372e+06  13.3068  -13.4737  -56.9437
593031  neutron  1.26157  -23.9139  -18.1184  -51.9716
595869  neutron  4.73231e+06  -15.9492  -48.3898  -31.7056
599667  neutron  300288  22.4041  51.9438  -20.0274
600803  neutron  6.05063e+06  -20.1305  -8.10164  55.9493
603177  neutron  2.57139e+06  -12.8005  58.5894  -2.15293
607519  neutron  3.474e+06  -56.3224  -2.5445  20.5552
619445  neutron  50084  18.7788  -45.7528  33.9889
623900  neutron  2.23925e+06  18.1097  55.8315  12.4934
629268  neutron  4.4806e+06  8.88317  33.0624  -49.2866
629558  neutron  0.0197865  -39.5756  44.6331  6.54671
639253  neutron  1.68197e+06  -49.9896  5.01797  -32.8186
640534  neutron  0.0793852  -48.6574  -24.5032  25.1645
646242  neutron  4.23389e+06  57.5154  13.3067  10.7757
647251  neutron  0.119772  42.2323  27.161  32.8621
650225  neutron  0.0147053  -50.0005  -6.57168  32.5263
653053  neutron  5.1767e+06  24.1563  -49.0601  -24.7141
654687  neutron  4.81784e+06  36.094  17.3793  44.6809
655350  neutron  0.00869329  44.5856  1.07038  -40.152
655479  neutron  3.20517e+06  40.2384  3.89269  44.3499
656769  neutron  0.0357587  46.3449  25.5342  28.3082
664932  neutron  5.27707e+06  -18.7943  -37.8657  -42.593
668452  neutron  6.18106e+06  -52.2546  4.57515  29.15
670617  neutron  0.0692979  44.3093  -1.08453  40.4563
670712  neutron  4.37551e+06  32.7666  19.0513  -46.5252
670715  neutron  1.15844e+06  4.62445  -10.6185  58.8818
670803  neutron  0.172052  5.32867  -59.7134  -2.66726
672970  neutron  170183  53.5625  25.3837  9.37714
673522  neutron  0.0719268  37.3471  -39.4038  25.5683
674657  neutron  0.0208631  -39.3552  -31.3101  32.7422
675266  neutron  0.135764  -8.19294  -59.3975  2.45292
681099  neutron  1.50313e+06  -36.4772  -1.12012  -47.6378
681302  neutron  5.81218e+06  10.3777  55.2165  -21.0865
681980  neutron  0.0237726  -25.4288  51.6255  17.0112
689955  neutron  60357.4  -47.401  -19.7502  31.0528
695219  neutron  522778  49.6032  -31.7171  11.6078
697446  neutron  4.63226e+06  3.8346  -37.706  -46.5269
709305  neutron  0.0478944  -23.0098  -50.5382  22.7517
711817  neutron  2.34639e+06  -40.4575  34.9626  -27.2398
720562  neutron  0.114565  -29.5824  47.3513  -21.9985
721401  neutron  0.0578472  -12.9731  -58.0117  8.21862
730620  neutron  0.0234112  -56.2088  20.9943  1.00469
730857  neutron  7.11418e+06  -9.63443  -36.449  -46.6889
733925  neutron  0.0332351  0.464858  -22.7275  55.5378
734361  neutron  3.32304e+06  -59.2571  -6.49565  6.89971
739552  neutron  0.057099  21.1702  -37.3721  41.9088
741031  neutron  0.0420973  52.0328  23.5541  18.4117
743040  neutron  1.84664e+06  -18.8063  -48.2278  30.3578
745631  neutron  0.0366534  45.3911  37.322  12.1621
746611  neutron  3.60724e+06  28.7967  6.55456  -52.2397
756457  neutron  935890  -20.9014  14.6387  54.3143
756567  neutron  2.00285e+06  -22.8618  -19.2511  -52.0378
761252  neutron  0.0910869  -1.89651  -15.7869  57.8652
769074  neutron  34.2751  23.0805  -20.2968  -51.5415
774954  neutron  2.51022e+06  21.9327  48.1312  -28.3468
779571  neutron  369.225  10.2797  21.9968  -54.8787
780716  neutron  0.0218862  28.8533  -1.54841  -52.5955
780975  neutron  5.04375e+06  -55.6916  7.59209  21.0239
786622  neutron  0.0128925  5.6031  -3.30056  59.6566
794165  neutron  0.0500665  43.2154  -27.7224  -31.066
796622  neutron  0.332122  -6.07045  47.2931  36.4378
797806  neutron  2.5599e+06  43.5807  38.2983  -15.3349
799093  neutron  4.13857e+06  32.9792  48.7369  -11.7595
799583  neutron  0.0638878  11.7993  46.8001  -35.6612
799839  neutron  3.43648  55.8663  -21.4764  -4.3497
800102  neutron  177784  -13.4445  -17.9769  55.6532
803904  neutron  669997  -8.47839  58.4613  10.564
804291  neutron  0.0424569  -29.3685  -10.9398  51.1763
807409  neutron  6.20509e+06  39.5476  43.8572  10.6646
807751  neutron  0.0807595  27.6819  9.43985  52.4004
811870  neutron  3.91859e+06  3.42408  -17.7214  -57.2314
818563  neutron  0.051391  -13.6411  13.9026  56.7612
823015  neutron  0.0486643  -58.7406  -3.31211  -11.8225
826923  neutron  2.58991e+06  -7.19303  42.0487  42.2063
834002  neutron  917.898  35.4724  -43.7976  -20.6078
836702  neutron  501.828  -53.2594  5.97793  -26.9982
838775  neutron  0.0892261  44.1506  -2.71436  -40.5531
840059  neutron  4.11401e+06  -45.7285  -29.6833  25.0801
846779  neutron  4.41165e+06  39.12  33.9829  -30.2654
848753  neutron  0.115168  -56.2195  17.0696  12.2146
849118  neutron  4.62151e+06  -37.2231  -44.7719  -14.53
850440  neutron  173209  24.1113  11.1163  -53.817
851736  neutron  2.19334e+06  -10.7468  -22.9094  -54.4138
853371  neutron  0.068081  -49.8351  6.81317  32.7299
855937  neutron  0.0769853  44.8704  -29.0773  27.2463
856556  neutron  3.98216e+06  -32.6962  -20.4763  -45.9661
863248  neutron  36.9727  41.6984  13.2837  41.0608
863511  neutron  4.99641e+06  -20.2026  -9.5403  -55.6959
865708  neutron  0.064577  14.1469  -12.2259  57.0227
878821  neutron  0.0918305  -54.0682  -21.6825  14.4119
879324  neutron  0.0727406  57.6788  -3.62595  16.1618
887202  neutron  7.06705e+06  56.8958  10.7577  -15.759
892919  neutron  0.0607869  55.2323  21.7603  8.77966
898311  neutron  0.0183161  46.5249  10.8954  -36.3032
899064  neutron  0.0545822  -22.1256  -8.01361  55.2036
899638  neutron  0.0985751  18.8641  9.57235  56.158
901970  neutron  0.0703375  -42.5243  -40.9949  10.5975
906732  neutron  118946  10.3091  5.52106  58.8595
907036  neutron  384968  -32.6649  28.6596  41.3864
908965  neutron  17.922  -18.1687  6.31624  56.8437
912513  neutron  2.68878e+06  41.846  8.16577  -42.2308
912663  neutron  840357  -10.2165  -13.8455  57.4902
917190  neutron  2.05626e+06  47.9775  20.3898  29.7257
920864  neutron  559.447  1.33716  -2.11601  59.9578
925083  neutron  4.77857e+06  21.0636  56.1918  -0.0566665
926735  neutron  639575  25.3825  -31.316  44.4549
929876  neutron  5.92555e+06  -9.65799  43.5432  40.1487
930904  neutron  5.09946e+06  -32.1609  -23.1901  45.0455
931493  neutron  0.0737253  -28.9348  30.2016  -43.033
931568  neutron  4.66316e+06  35.0331  15.6242  46.1494
932414  neutron  0.0551938  -49.6255  -17.422  -28.8961
933474  neutron  1.98484e+06  41.1755  34.8455  -26.2977
936023  neutron  0.0421455  25.2608  50.3925  -20.5836
941922  neutron  0.114498  -32.256  -8.41348  -49.8995
943762  neutron  5.80052e+06  57.5231  13.1088  -10.9753
944237  neutron  0.0780842  43.1562  39.8538  12.2647
946848  neutron  1.2578e+06  26.2877  10.4478  -52.9245
953309  neutron  892.146  -34.4984  37.4525  31.7548
954192  neutron  6.28066e+06  -59.882  -3.53243  -1.69411
955795  neutron  0.0559547  -34.2893  -39.5068  -29.4051
957170  neutron  0.0274179  21.6923  54.5033  -12.6506
958473  neutron  5.13942e+06  -5.90481  -22.7945  55.1973
959072  neutron  3.44245e+06  -36.8488  44.9166  -15.0287
962452  neutron  0.00766806  16.2789  52.4827  24.1197
971646  neutron  84980.7  8.17505  -13.4756  -57.9032
975612  neutron  5.76474e+06  -1.29024  -22.7359  55.5213
976372  neutron  3.03882e+06  38.2623  41.1624  21.0441
980143  neutron  850706  -5.65987  -43.3629  41.0953
982278  neutron  0.0405032  24.8681  -40.8093  -36.2957
984734  neutron  4.71297e+06  38.8874  -25.3411  -38.0368
986055  neutron  24472.5  -26.3442  -2.40759  -53.8645
986687  neutron  0.135494  46.5935  36.0916  -11.298
992000  neutron  356687  -36.9085  38.0297  -28.1549
994415  neutron  0.0677754  -58.5191  10.042  8.71034
994707  neutron  3.26608e+06  -8.58972  -59.1846  -4.96003
999885  neutron  4.9865e+06  21.1785  16.2048  -53.7594
