4799  neutron  6.38636e+06  46.5323  47.1412  22.6684
18086  neutron  0.0330732  -2.13684  -55.1563  -43.0653
24848  neutron  10186.7  51.2525  5.9449  47.3207
26592  neutron  0.0613477  67.4092  4.881  18.2642
29395  neutron  7.09072e+06  8.3176  51.9315  -46.2097
50156  neutron  9.13176e+06  -3.28836  -67.4258  -18.5565
56279  neutron  1.84869e+06  -56.203  -41.7362  -0.84479
70493  neutron  0.0870833  -32.5417  -8.19945  61.4427
98221  neutron  1.91081e+06  -32.4298  -6.19501  61.736
112698  neutron  5.97004e+06  -66.1647  20.4289  -10.3099
118580  neutron  0.0579561  30.6222  -24.4355  58.0223
126007  neutron  9723.05  37.1986  27.9318  -52.3209
127888  neutron  4379.19  65.5112  -24.6859  -0.534078
133441  neutron  754507  3.95611  -37.125  59.224
138213  neutron  6777.6  43.0707  -8.48036  54.538
141204  neutron  4.49514e+06  34.351  -60.7756  5.26653
149655  neutron  2.86352e+06  -63.8141  -20.9242  -19.7823
179544  neutron  0.0381068  -6.86303  -63.8611  27.8577
203261  neutron  0.0466401  -18.6117  66.7623  9.88963
203811  neutron  3.8255e+06  -37.6943  -21.4491  54.9589
212619  neutron  0.0706025  -47.066  47.6553  -20.3756
251961  neutron  0.0457042  -13.9976  -60.5281  32.2773
264113  neutron  1.38975e+06  36.3143  -48.1846  -35.5094
284883  neutron  0.129365  17.5252  57.9747  35.117
301096  neutron  192267  27.9903  63.0621  -11.8793
308010  neutron  2.85412e+06  68.9871  -3.83458  -11.2903
318876  neutron  5.56218e+06  62.8058  25.1009  -18.0769
322139  neutron  0.0478467  -9.30721  -63.29  -28.4456
332542  neutron  4.36059e+06  -0.982119  -19.1642  -67.3288
365062  neutron  0.0406911  -56.3443  24.3505  33.6716
376559  neutron  5.18135e+06  63.5068  22.8025  -18.6638
381774  neutron  3.08981e+06  28.1757  62.3094  -15.0022
388362  neutron  5.03448e+06  -16.5252  48.889  47.3095
391183  neutron  89.1191  -20.4055  0.0340783  66.9702
420404  neutron  5.16186e+06  7.18663  41.2233  56.1283
421006  neutron  0.273602  67.6304  -0.415025  18.093
427735  neutron  6.14844e+06  6.38174  69.6248  -3.61466
438585  neutron  17145  -42.4051  49.5861  -25.3854
449966  neutron  77908.2  -53.0014  43.9397  12.7107
465660  neutron  1.94184e+06  19.7768  -40.379  -53.6639
474894  neutron  0.0562135  -50.7687  -47.9921  -4.55
480435  neutron  0.0214596  -19.519  61.721  26.6632
488133  neutron  8.18882e+06  38.7888  -35.8928  45.9188
513938  neutron  1.07126e+06  -28.7044  -35.5705  53.0301
519758  neutron  6.7272e+06  -55.0339  -27.1825  -33.6716
524401  neutron  0.0617579  -65.8091  17.7121  16.0262
531417  neutron  2.71572  36.0746  -47.6629  36.4455
535326  neutron  1.7752e+06  14.4273  19.705  -65.6122
544429  neutron  4.19755e+06  35.1371  -60.5167  -2.1245
553877  neutron  2.5539e+06  -42.5579  47.4107  -29.0249
558362  neutron  4136.82  55.4488  -24.5381  34.9959
563461  neutron  0.0694337  -53.4841  37.2767  25.5205
564962  neutron  1.13167e+06  -7.18609  -16.4486  67.6698
567541  neutron  5.02083e+06  -62.8694  -24.5094  18.6581
571158  neutron  1471.26  -40.535  -29.8937  -48.6279
594325  neutron  7.14046e+06  -66.9639  20.1657  3.25325
616386  neutron  682450  -44.2028  54.0475  5.13623
619516  neutron  3.90237e+06  -13.1195  -59.3314  -34.7716
621052  neutron  67.0292  -43.4199  48.3619  -26.0238
630364  neutron  2.41543e+06  -39.417  34.212  46.661
632227  neutron  0.0260924  -69.1389  -7.38384  8.16677
636172  neutron  2.59952e+06  8.71263  -19.3468  -66.7173
706896  neutron  0.104755  20.3513  -31.1282  59.3149
716954  neutron  4.00672e+06  -66.4778  15.9678  15.0707
720378  neutron  2.3557e+06  50.2116  -19.8061  -44.5861
727139  neutron  0.0552877  66.0419  21.6913  -8.32803
732738  neutron  5.40063e+06  -43.5963  52.4948  -15.6544
733292  neutron  0.0408089  -24.1653  -1.23329  -65.6957
738875  neutron  0.0491083  -25.4311  -64.9667  -5.83011
760999  neutron  7.07249e+06  46.6913  -51.9698  4.52312
765429  neutron  0.120466  34.1955  -56.6492  -22.8677
797814  neutron  0.0726461  16.4445  -65.963  16.7292
838713  neutron  0.0446795  59.0643  -22.8283  -29.861
843821  neutron  6.42583e+06  -65.6854  21.5542  -11.0563
844000  neutron  0.138222  -52.0056  -5.05795  46.5965
851306  neutron  0.0752601  69.0345  -0.97221  11.606
853835  neutron  2.83467e+06  -40.3995  1.22371  57.1646
870105  neutron  911873  -38.6484  -29.1129  -50.5978
887025  neutron  4.3545e+06  4.1774  -19.6804  67.0569
891848  neutron  3.24176e+06  34.081  51.6059  -32.8133
901875  neutron  0.0356737  0.273098  60.1599  35.8066
905617  neutron  0.101688  60.6028  8.8745  -33.9108
919434  neutron  5.6905e+06  38.2006  17.1997  -56.0917
930409  neutron  1.95535e+06  -8.7742  43.1595  -54.4212
933544  neutron  4.81868e+06  60.4395  -12.8  32.9337
947859  neutron  5.02753e+06  14.8098  -53.3046  42.9033
953081  neutron  0.0179321  26.0544  -4.02211  64.8567
957219  neutron  0.0267443  44.084  21.7761  49.8378
958526  neutron  6.00601e+06  -16.6852  13.7594  -66.5859
964647  neutron  0.0597801  -55.1384  3.15299  43.0258
982743  neutron  0.895078  -67.6188  10.9897  -14.4335
998792  neutron  0.144204  -9.69364  -39.8228  56.7589
