209938  neutron  6.12766e+06  -47.4775  57.7397  28.5239
213768  neutron  0.0489722  -77.2718  -12.1887  16.796
222232  neutron  0.161346  54.052  13.1169  -57.5146
271134  neutron  0.0866449  71.2091  -9.7785  35.1461
346574  neutron  7.00294e+06  25.2861  59.8363  46.7101
367707  neutron  5.93453e+06  17.4973  70.0761  34.4206
386929  neutron  4.64461e+06  22.5564  61.9417  -45.3436
450346  neutron  745621  75.3354  24.8291  10.4737
482912  neutron  2.39205e+06  -61.0811  49.9093  -13.4076
519355  neutron  2.66057e+06  62.1095  -4.68745  -50.2199
668228  neutron  0.0450508  -0.254611  -46.8346  -64.8695
679861  neutron  0.0242577  -33.9443  67.4293  -26.5081
779573  neutron  27223.5  -68.5864  35.7781  -20.4312
780133  neutron  0.11419  -33.1528  -72.0625  -10.464
790070  neutron  5.63065e+06  56.5264  48.0738  -29.9211
836635  neutron  7.28032e+06  -3.11812  66.3771  -44.564
901776  neutron  0.14993  65.2103  31.1005  34.3799
