183823  neutron  715.011  89.4897  -16.4368  -41.5142
463854  neutron  5.81983e+06  33.9709  49.2202  -80.1583
494419  neutron  2.23469e+06  -72.324  63.7238  26.6555
518345  neutron  7.32706e+06  -8.80393  -43.4185  89.6623
563742  neutron  1.58255e+06  -52.0139  -64.5555  -55.9387
577861  neutron  413795  -44.9655  -2.28384  89.3022
581741  neutron  0.0365732  -17.6742  -71.8392  67.296
643694  neutron  0.0336942  -67.8708  -62.6321  -38.3767
720891  neutron  846616  68.5238  4.96362  72.6764
926252  neutron  41346.7  -56.9096  -82.2378  0.495768
962600  neutron  5.98783e+06  -79.5755  16.7671  58.2117
