4282  neutron  26.8991  18.6087  -66.0974  13.6476
13344  neutron  0.0801737  -21.0981  -65.1344  -14.6211
15310  neutron  0.951384  29.5413  -62.1237  -13.0137
18037  neutron  0.149999  47.2737  -45.0015  25.3271
21931  neutron  7.48666  7.51847  67.7219  -16.0814
27128  neutron  2.16615e+06  -45.836  39.6565  -35.0403
28395  neutron  6.0175e+06  41.8037  35.1274  43.8169
29288  neutron  0.0533922  -30.2857  -57.2912  26.4932
29745  neutron  6.49666e+06  26.0893  64.191  -10.0132
35980  neutron  0.0108918  -45.1735  -36.2538  39.3245
37885  neutron  4.99516e+06  -33.5774  59.3092  16.0118
38048  neutron  9134.25  -47.1255  -41.8536  -30.4774
38685  neutron  0.0152201  25.7731  57.5983  30.3246
39887  neutron  0.446962  -55.8976  -29.4733  -30.1361
40265  neutron  2916.48  -35.2406  -44.6899  -40.7714
40828  neutron  41896.5  -27.1187  -31.4347  -56.3723
41844  neutron  15.1232  36.123  33.2704  49.896
42213  neutron  0.0568231  58.6413  -19.1955  33.0776
44824  neutron  4360.59  -12.8634  56.647  39.0775
49675  neutron  1.5724e+06  7.02345  50.5633  47.9106
53115  neutron  0.0497445  60.8365  0.779271  34.6369
53187  neutron  4.08597e+06  -11.6934  61.2804  -31.7708
53746  neutron  0.0231666  -24.2196  39.8235  52.2388
54635  neutron  5.08584e+06  -36.1926  -54.94  23.9393
56145  neutron  9896.53  18.7537  -67.1643  6.21783
57967  neutron  1.42512e+06  55.351  41.6239  -10.2527
58421  neutron  1.9972e+06  22.4912  55.8929  35.6585
58679  neutron  0.0273537  17.8335  46.7561  48.9616
60361  neutron  0.0199897  27.23  62.7145  15.0606
67041  neutron  2.20429e+06  -66.992  14.6031  -14.1498
70458  neutron  0.0546843  38.9363  27.7593  51.135
70543  neutron  0.0424895  -0.905293  -52.3174  46.5131
71277  neutron  4.40323e+06  54.9944  -39.3741  18.0747
73822  neutron  4.78583e+06  -12.7327  49.5597  47.782
76624  neutron  3.34469e+06  21.0283  -0.771116  -66.7729
76708  neutron  8.93061e+06  -64.7664  -16.8603  20.5535
78607  neutron  202586  1.91883  62.9339  30.6112
78910  neutron  2.33605e+06  36.1745  11.4766  -58.831
80216  neutron  5.18041e+06  32.3773  -45.1955  -42.5497
80691  neutron  749504  -24.1103  63.7086  16.1651
83336  neutron  4789.46  -28.4189  58.7213  25.4082
83683  neutron  0.0282315  15.5799  -62.2917  27.9
86244  neutron  134025  -39.4981  48.7875  31.0013
87158  neutron  255209  -23.2104  62.5043  21.3516
88601  neutron  0.0186318  23.6333  58.8681  29.6211
90130  neutron  4.62311e+06  -34.0735  -29.4629  -53.5942
95861  neutron  0.0342709  -45.6352  18.5577  -49.7437
96570  neutron  0.0606954  5.4176  32.0471  -62.0083
96709  neutron  1.56492e+06  -7.18319  -26.2361  -64.5095
100460  neutron  0.157144  25.5115  52.4986  -38.6582
100825  neutron  0.0436019  -23.8227  65.5055  -6.55074
101116  neutron  0.0572583  66.0479  -22.3895  -6.14711
102338  neutron  20813  25.8714  28.3707  58.5421
103151  neutron  78.2901  -3.90963  46.6933  52.0178
107601  neutron  0.0433429  -36.576  -57.8396  14.7706
107706  neutron  2.47161e+06  -26.7646  64.6174  -3.10654
107909  neutron  0.0249346  -37.9253  48.8069  -32.8779
109667  neutron  119.491  41.1925  -26.5601  49.9914
112736  neutron  0.0366377  46.1711  -37.452  36.9726
116995  neutron  0.0451017  -28.1754  43.5271  -47.0419
117229  neutron  0.0210526  7.08627  9.69006  68.9731
117825  neutron  0.0731563  -67.7137  17.4138  -3.60765
118039  neutron  4.24592e+06  -31.438  -23.5061  -57.97
119412  neutron  6.49924e+06  -50.0694  -39.9697  -28.2291
120366  neutron  4.51833e+06  -57.2054  -18.8974  -35.6627
122279  neutron  0.0759698  63.6943  15.1867  -24.775
125273  neutron  0.0957534  -29.0406  63.391  -6.29513
126324  neutron  0.0265658  19.8065  11.8181  -66.1017
127453  neutron  0.0610812  64.1848  -26.4721  8.99642
128856  neutron  2.75156e+06  2.45481  62.3586  -31.7298
129675  neutron  12106.1  -17.5587  31.9261  -59.7814
131275  neutron  3.78162e+06  11.8236  -65.5679  -21.5046
131870  neutron  2.59665e+06  55.7732  -41.6893  7.26306
132271  neutron  3.23643e+06  12.8672  65.5194  -21.0485
134441  neutron  3.01615e+06  46.48  -29.368  -43.342
134748  neutron  4.26694e+06  -45.1441  -53.5037  0.878028
136483  neutron  4.12617e+06  29.5119  61.5274  15.647
136741  neutron  910927  -45.971  -6.04984  -52.4544
137147  neutron  0.0530121  -12.7261  -53.876  -42.8581
138536  neutron  4.40636e+06  -31.7662  61.6321  9.68432
139755  neutron  0.0627783  43.7884  -51.8999  -17.0406
143224  neutron  6.42093e+06  66.4876  -7.81683  -20.4864
143589  neutron  2.20916e+06  33.7573  18.3765  -58.5162
145558  neutron  295966  -55.2057  22.4043  36.7665
145800  neutron  5.08314e+06  -48.1265  -34.2485  -37.5803
148054  neutron  0.101055  46.0329  -49.369  18.576
149459  neutron  0.0287349  -61.8377  -12.7883  30.2318
149459  neutron  0.0240192  -61.454  -8.4571  32.4328
149459  neutron  0.0702714  -60.8371  -11.2065  32.782
149716  neutron  0.0291716  -51.3388  -44.7613  16.1912
150400  neutron  561.986  -14.7694  42.306  -53.791
150752  neutron  1.68546  -5.18357  66.3338  21.7797
151166  neutron  682327  38.6927  -54.8162  -19.9864
153656  neutron  0.909236  69.8632  0.566013  -4.49585
155019  neutron  46391.8  -55.9409  -40.8381  -10.2113
159895  neutron  0.0341452  8.91265  -42.0012  -55.298
161546  neutron  0.124998  -60.551  29.0197  -19.8201
161940  neutron  0.180183  -27.4306  44.8973  -46.1865
162353  neutron  597033  30.2437  32.4928  -54.1382
163247  neutron  0.310077  40.032  -56.2503  -11.6079
163473  neutron  0.0606375  54.4619  -17.2903  -40.4517
164914  neutron  0.0763447  44.3499  37.9876  -38.619
165532  neutron  0.0766887  58.205  -2.47606  -38.8259
167511  neutron  0.0684911  -12.53  25.9827  63.7911
180380  neutron  4.41398e+06  -33.1268  -46.402  40.6308
182153  neutron  0.0271567  50.0496  -27.7096  40.3561
184048  neutron  4.90904e+06  39.125  34.6609  -46.5753
188168  neutron  0.0965618  -43.3281  -32.0256  -44.7039
190600  neutron  790.825  39.1019  -55.629  -16.6689
195278  neutron  11.3126  -10.5585  8.55488  -68.6785
198615  neutron  0.00776652  -12.7883  41.9233  54.5921
201658  neutron  0.100946  29.3945  63.4651  -3.08891
206189  neutron  1.62666e+06  -61.8413  -32.7132  2.6267
207073  neutron  0.0884783  -23.0164  16.4783  64.0321
210698  neutron  0.0369344  11.5332  39.4503  56.6751
211111  neutron  236703  45.0491  44.1632  -30.3577
211165  neutron  2.50639e+06  25.4313  62.5211  18.5946
211596  neutron  3.13179e+06  58.3255  30.5226  23.8307
212041  neutron  0.0319965  26.7221  41.1153  49.9687
212362  neutron  4.44673e+06  66.0884  -23.0881  0.814413
215813  neutron  0.0463237  -1.19999  50.0844  48.9031
216209  neutron  1246.23  43.203  55.0886  -0.386713
219748  neutron  0.087693  13.4147  64.6829  -23.1854
220401  neutron  2.46237e+06  32.6248  51.7984  -33.9698
226149  neutron  7.1401e+06  -64.9903  -23.2305  11.7477
226839  neutron  0.0327587  -64.2797  -27.6749  1.90071
226958  neutron  1.60525e+06  -62.6476  25.6083  -17.9135
227411  neutron  958066  -65.4309  -20.2434  14.5051
229304  neutron  1.11117e+06  -60.2297  -5.68116  -35.235
233687  neutron  0.0118094  -56.0112  -24.2347  34.3048
234058  neutron  5.34679e+06  -4.82322  -58.2967  -38.4659
234265  neutron  1.19142e+06  -6.42401  -42.3062  55.4105
239109  neutron  0.118304  -35.5148  -51.7927  -30.9454
241033  neutron  40.7892  23.3422  -59.336  -28.9099
244651  neutron  1.34353e+06  66.0557  7.05417  -22.097
245355  neutron  0.0645247  -48.9056  29.334  -40.6099
247269  neutron  1.82273e+06  9.49146  -14.1726  67.9003
249996  neutron  1.29895e+06  1.7227  13.9079  68.593
250933  neutron  112.298  37.5438  -46.3104  -36.7043
254880  neutron  0.0205672  -32.9605  47.6592  -39.2887
257364  neutron  1.63559e+06  49.7101  16.9129  46.3061
257812  neutron  0.0349119  47.883  44.7676  24.5862
258888  neutron  6.22506e+06  -14.3351  44.0995  52.4513
259415  neutron  4.99889e+06  38.8682  45.0186  -36.9322
259870  neutron  4.72545e+06  2.4757  -25.8301  -65.0237
262514  neutron  774088  22.9733  -35.1977  55.9888
264417  neutron  0.0465047  -37.7415  -20.9498  -55.1188
264810  neutron  999802  -58.9764  7.79563  36.9109
265271  neutron  6.76414e+06  27.7154  50.8805  39.2993
269732  neutron  6.45578e+06  25.9362  63.154  -15.5013
276654  neutron  210030  42.0034  -43.6393  35.1101
277189  neutron  0.05367  -35.52  36.2547  48.2216
282571  neutron  167.325  15.6659  -60.1561  -32.2059
283887  neutron  4.97102e+06  68.2283  -4.29581  -15.0947
286803  neutron  0.0635101  16.7011  44.8879  -51.0641
290872  neutron  0.0239644  -23.3001  55.2037  -36.2086
290949  neutron  0.0481257  14.3018  68.3407  5.13899
292848  neutron  3.52141e+06  6.5471  32.4482  -61.69
294833  neutron  547048  16.2554  49.42  -46.8489
297258  neutron  0.0346474  -33.7765  52.3285  31.9731
297335  neutron  919563  -46.5657  -30.6025  -42.3855
297954  neutron  0.0842001  27.3733  35.2739  53.9245
299740  neutron  3899  -22.0588  -14.4126  -64.8621
302069  neutron  1.25218e+06  -7.37299  -54.1201  43.7956
303429  neutron  0.0233325  -68.5194  -12.3154  7.4045
303565  neutron  44748.1  9.56048  13.3963  -68.0481
305839  neutron  0.0926657  -4.38823  28.8114  -63.6557
305970  neutron  6.21161e+06  -26.0197  63.889  -11.9402
306295  neutron  2.60568e+06  -32.4756  24.1057  57.1459
309591  neutron  2.22156e+06  29.6561  1.08908  -63.4092
310839  neutron  0.0948904  -38.1277  -34.5101  -47.5051
311505  neutron  1215.89  -14.49  -24.7144  63.8799
313107  neutron  43.3457  27.8462  -56.5742  -30.4195
316766  neutron  0.0447576  33.4951  61.4749  -0.567434
317191  neutron  1.43707e+06  -59.6978  -27.9676  -23.5667
317653  neutron  1.32701e+06  -32.8449  -32.7246  -52.4568
320793  neutron  17.7546  44.2016  -27.7759  46.6488
324556  neutron  1.94418e+06  59.6232  -16.3145  32.8682
325615  neutron  0.169365  48.1848  30.6351  40.5107
331268  neutron  0.849703  4.88426  16.3829  -67.8907
331521  neutron  961192  65.5945  -20.8229  12.8521
336850  neutron  4.28365e+06  11.9371  12.6393  67.8171
341220  neutron  0.22142  36.9617  -10.7506  -58.4779
342280  neutron  0.0802964  -56.4466  17.1226  37.7093
342357  neutron  1.18267e+06  -5.91667  66.0613  -22.4121
344704  neutron  2113.09  -43.3246  -52.6714  -15.8145
344862  neutron  0.0553598  -64.7934  21.9996  14.8067
346692  neutron  2.06732e+06  9.34748  -14.4906  67.8531
349320  neutron  70641.4  -69.5844  4.0374  6.5664
349697  neutron  975.94  32.676  -17.8826  -59.2781
351292  neutron  0.0441462  59.1356  4.09096  37.2511
351303  neutron  1.39453e+06  -65.0421  -24.8474  -7.31647
351612  neutron  0.0283404  19.3908  -63.7303  -21.5371
351644  neutron  4.37878e+06  -33.7042  -50.2982  35.15
353469  neutron  0.0422617  -42.8571  -11.5058  54.1506
355158  neutron  0.0162361  52.4854  45.2917  9.76414
358527  neutron  4.03529e+06  -56.255  9.67732  -40.5355
359169  neutron  4.49436e+06  -5.41536  -57.2935  39.8689
361059  neutron  1.37586e+06  -58.9327  -33.0039  18.4142
361571  neutron  73736.8  -54.8376  17.4449  39.8738
362805  neutron  0.0236837  8.6628  -61.0732  -33.1122
363407  neutron  0.117045  -66.5449  0.643214  21.7432
366859  neutron  5.73768e+06  -47.6703  -51.0123  5.16594
368780  neutron  0.0163506  -13.106  16.9092  66.6612
369973  neutron  5.51518e+06  -62.1228  24.1174  21.4595
370172  neutron  4.48203e+06  44.1392  47.4612  26.4681
371526  neutron  0.0240982  36.5428  58.8503  -10.1325
372199  neutron  547248  -59.6195  -36.5783  -2.99154
372634  neutron  852481  -19.8457  37.3783  -55.771
380452  neutron  2.90424e+06  1.10709  39.5265  -57.774
380693  neutron  0.00760065  20.8261  59.5278  30.3992
382487  neutron  9.64285e+06  38.2037  -39.7779  43.123
384212  neutron  175202  34.2884  59.4176  -13.9732
384300  neutron  0.0517425  35.0549  -46.842  38.4497
384396  neutron  1.52447e+06  30.5569  -50.424  37.7504
389253  neutron  0.0519426  -41.4253  12.4317  -55.0527
390346  neutron  0.0175281  4.44035  64.3577  27.1986
390556  neutron  1.89807  -11.3685  -68.9646  -4.0056
394379  neutron  6.26399e+06  -68.1592  10.8386  -11.7579
396255  neutron  2.10259e+06  62.63  19.2683  24.6498
397025  neutron  5.20826e+06  -46.6858  -22.7614  46.9442
400147  neutron  0.00639727  -17.7866  -54.7458  39.8489
401245  neutron  0.0596963  36.6928  -17.4055  57.0271
402106  neutron  1.19688e+06  13.861  68.3727  5.86909
405960  neutron  0.0581729  -34.4191  -11.6427  -59.8429
407225  neutron  3684.42  -57.1888  -39.1611  9.86138
408372  neutron  2.39181e+06  -17.4491  -46.3915  49.4444
408441  neutron  0.0207134  3.55437  -60.6726  34.7506
412073  neutron  0.0654578  47.6434  35.4048  -37.1215
413691  neutron  39257.4  -62.4092  31.7059  -1.11024
414780  neutron  2.47206e+06  15.0949  64.4237  22.8721
415095  neutron  105658  -63.6887  -20.3618  -20.7495
415206  neutron  5.31246e+06  -66.7019  1.91568  -21.1799
415225  neutron  408641  -23.7624  -61.1228  -24.5101
418485  neutron  2.83223e+06  10.1578  59.0518  -36.2091
422280  neutron  0.0462524  6.52985  69.7048  0.0293847
424344  neutron  2.33865e+06  -41.4746  -19.0198  53.099
424662  neutron  4.06629e+06  28.0677  -53.4618  -35.4322
425990  neutron  4.35372e+06  58.0833  38.9967  2.64349
426513  neutron  6.62568e+06  21.1597  -50.3865  43.7592
427906  neutron  4.43785  -33.4534  57.337  -22.2427
430803  neutron  4.59562e+06  44.2119  -33.5741  -42.6555
435549  neutron  0.042702  -69.9558  0.742018  2.65264
435884  neutron  1.76652e+06  -47.5172  -43.563  -27.3091
440953  neutron  1.49625e+06  -30.9841  -59.4204  -20.2634
441833  neutron  2.58508e+06  -68.067  -8.23298  14.16
443065  neutron  297936  -31.9886  -22.213  -58.1783
443099  neutron  790448  52.4335  -32.945  32.6612
443912  neutron  1.93841e+06  -60.3664  -35.0698  -5.23487
445502  neutron  2.21342e+06  43.0127  -20.3551  51.3515
446583  neutron  7.17275e+06  -13.4042  53.7715  -42.7826
449682  neutron  0.00429986  -19.2344  -28.1073  61.1672
449916  neutron  2.43409e+06  52.9746  -8.13988  -45.0426
451521  neutron  1.01475e+06  -48.3113  14.786  48.4644
453162  neutron  0.0474404  -39.1831  -36.5819  45.0316
454575  neutron  2.7541e+06  -32.1463  -15.0452  -60.3462
456460  neutron  232.208  -5.50378  -51.7931  -46.7823
458366  neutron  5.03068e+06  48.3756  -47.2208  -18.2043
460286  neutron  589238  22.3774  54.166  -38.2975
461787  neutron  3.55726e+06  38.3469  -57.977  8.34168
469364  neutron  0.10416  22.1686  62.3967  -22.7289
470297  neutron  2.13911e+06  -17.7185  10.4173  -66.9249
476985  neutron  5.6193e+06  50.7899  -7.56707  -47.5871
480782  neutron  293978  -26.8099  -57.6002  29.4083
483503  neutron  1.3158e+06  21.1471  18.4541  64.1377
485910  neutron  0.0522003  -17.1851  47.7991  48.18
486297  neutron  1.80284e+06  -58.6814  -12.5939  -36.0457
488167  neutron  4.51365e+06  61.835  -30.4592  12.2502
489633  neutron  145.102  -61.7579  23.472  -23.161
490978  neutron  2791.05  25.6103  -18.7218  62.41
491998  neutron  226756  27.5359  -14.0393  -62.8177
492311  neutron  178459  16.7771  -66.4166  -14.4489
493231  neutron  86213.5  -56.4208  12.9978  39.3593
496561  neutron  6.00066e+06  -55.4428  9.63586  -41.649
497161  neutron  6.2788e+06  54.2856  -30.3101  32.1834
498569  neutron  8655.14  52.0519  -16.7758  -43.7101
499701  neutron  7.44591e+06  -16.3442  -62.902  26.0309
504010  neutron  1.13005e+06  69.017  9.65632  6.69397
505956  neutron  3.1244e+06  35.4264  -25.2178  -54.8674
508001  neutron  7.00784e+06  -63.1682  -13.5798  -26.9587
508111  neutron  1.05632e+06  -61.9165  -14.7453  -29.1603
508336  neutron  0.0566315  53.5364  26.483  -36.5227
509335  neutron  1.80666e+06  -50.1716  -38.9658  29.4258
509587  neutron  0.0572301  -38.0471  58.7665  -0.568332
510631  neutron  0.249251  46.5873  -51.3418  -9.74904
513914  neutron  0.012217  53.5903  28.9446  34.5209
515032  neutron  4.50279e+06  33.3653  0.359433  -61.547
515073  neutron  0.0300199  51.0191  -27.8015  -39.0579
515352  neutron  0.0565663  52.0413  14.4755  -44.5372
515702  neutron  4.92567e+06  -27.1229  27.7951  58.251
516043  neutron  2.03574e+06  21.9643  57.9537  32.5629
516174  neutron  0.100832  8.09768  65.5878  -23.1099
517066  neutron  0.0496822  42.0557  7.67367  55.4421
520558  neutron  0.0733316  -11.9853  -14.1575  -67.5079
520564  neutron  0.0278185  41.1928  -23.3066  -51.5884
521202  neutron  4.8066e+06  13.7014  68.2149  7.77128
523424  neutron  0.078839  44.3502  -48.7388  -23.643
524810  neutron  1.0635e+07  -19.1748  -35.2269  -57.3829
524839  neutron  0.0603745  26.2963  52.0624  -38.7223
526165  neutron  4.92094e+06  21.2593  45.0916  49.1548
526720  neutron  0.0159744  0.88939  8.5188  69.4841
527960  neutron  228528  10.4612  -19.0156  66.561
528282  neutron  0.678631  -22.3873  39.9763  -52.9349
530736  neutron  3027.6  39.7093  -46.2955  34.37
532085  neutron  3.73101e+06  -58.0836  -24.8755  30.1482
533188  neutron  0.0599683  -7.18509  42.6328  55.0656
534834  neutron  8.28131e+06  -42.3003  55.7642  -1.56171
536905  neutron  0.00970704  -52.3134  -29.2433  36.1875
538785  neutron  0.0562796  -11.8894  -40.1303  -56.1213
539521  neutron  0.0565121  66.2714  12.6545  -18.6913
542739  neutron  0.00969055  -34.6903  -20.371  -57.2975
547405  neutron  41.5475  69.7163  1.54183  6.2172
551248  neutron  1.03497e+06  27.4482  -45.342  45.7395
552817  neutron  0.0749824  -34.8455  32.5666  -51.2504
556184  neutron  5.75094e+06  18.226  -14.4172  66.0406
561342  neutron  0.0197743  37.1709  34.7067  -48.1162
561541  neutron  309572  -5.92355  -41.4403  -56.1161
562112  neutron  0.0315919  -24.4195  -47.0303  -45.7519
564644  neutron  0.126856  -65.1512  -25.6126  -0.841344
568169  neutron  2.49979e+06  -24.5451  41.3848  50.855
568380  neutron  4.18433e+06  -61.6047  31.9532  -9.23326
568655  neutron  473028  -30.2534  -33.2101  53.6956
571424  neutron  42503  29.7755  -48.5285  -40.7408
573727  neutron  3.91674  -9.48988  61.9513  -31.1991
575068  neutron  0.0166768  -0.597636  -69.5038  -8.38281
578167  neutron  91.7674  -23.6214  13.0429  64.6012
580868  neutron  929424  64.9355  -17.0098  -19.8857
585161  neutron  0.0579703  -62.8707  -16.0809  26.2694
586052  neutron  0.0494503  50.4658  -28.1156  39.5489
586290  neutron  0.0452809  -20.7508  13.6747  -65.4508
586936  neutron  0.00391901  -50.6158  37.6814  30.3241
587762  neutron  4.7299e+06  24.6899  -5.99467  65.2371
588611  neutron  0.0382445  -58.2093  38.1236  -7.72481
593877  neutron  0.113307  15.6702  32.5754  -59.9557
595534  neutron  0.0347071  27.9048  60.8522  20.4873
596681  neutron  752136  9.45877  16.4113  67.3988
597105  neutron  0.0849125  -54.3471  24.4953  -36.712
598137  neutron  0.061054  53.2837  -8.65572  44.5795
599035  neutron  1.52285e+06  -9.72829  32.3476  61.322
601232  neutron  696068  -58.5056  29.4627  24.7072
601830  neutron  1.04128e+06  38.2824  54.8943  20.5541
604631  neutron  1.77714e+06  37.3738  -41.2412  -42.4708
604815  neutron  2.95092e+06  55.9212  7.89274  41.3754
605293  neutron  2.15693e+06  51.7772  -20.9318  -42.2183
606880  neutron  1.86856e+06  -45.1355  42.4803  32.5516
607740  neutron  2.18201e+06  -56.5474  24.5328  -33.1953
610089  neutron  2.49829e+06  -66.8429  -19.3072  7.788
610351  neutron  2404.18  68.2322  -5.75979  14.5804
612318  neutron  68.8108  -28.7493  7.00493  63.4492
613850  neutron  3.05609e+06  -42.2103  -27.2604  -48.75
614845  neutron  366641  -7.32624  67.1565  -18.3776
615198  neutron  262943  54.0474  -44.2989  4.22838
616843  neutron  7.72719e+06  -24.0337  65.6824  -3.10005
616969  neutron  0.0579412  -22.3686  -52.659  40.3495
618023  neutron  1.41369e+06  -65.6003  13.969  20.0717
619823  neutron  6.11063e+06  -43.2224  16.9564  -52.3994
619940  neutron  0.141928  -56.6272  31.3536  -26.678
624967  neutron  4.68461e+06  -7.5338  -36.7974  59.0813
629784  neutron  0.0420429  33.0178  -46.92  -40.1215
632318  neutron  3.05448e+06  62.7032  -28.9441  11.4869
633756  neutron  0.165112  25.917  40.3733  -50.9873
633756  neutron  0.180346  40.7785  40.0638  -40.3981
633756  neutron  0.144396  40.7748  40.0944  -40.3888
635065  neutron  4.66891e+06  22.516  -40.1362  -52.759
637225  neutron  215798  -53.6159  -37.8973  24.3008
639522  neutron  0.0308887  -10.7892  66.4073  19.3665
640518  neutron  2.52371e+06  -17.5882  -67.3313  -7.65197
643713  neutron  1.17792e+06  -52.7951  33.1122  -31.9008
644618  neutron  4.2161e+06  -49.4263  24.5256  43.0922
645242  neutron  2.31681e+06  24.8795  19.9079  -62.3385
647504  neutron  0.0476898  -29.9626  -9.75655  -62.5176
648681  neutron  0.0576753  -9.56125  49.6436  48.4303
651270  neutron  0.0474507  66.8845  17.6173  10.8395
652570  neutron  86.1637  -49.9937  31.3206  37.6967
652971  neutron  5.54665e+06  -6.59549  37.6466  -58.6569
653998  neutron  4.73804e+06  18.372  -66.2344  -13.2994
654862  neutron  0.113267  -35.0362  -57.6808  18.6224
655708  neutron  2.11974e+06  38.5706  -54.3918  -21.3364
656862  neutron  0.0604304  23.3561  -59.5747  -28.4033
657957  neutron  41184  66.0307  -15.4941  17.3574
657989  neutron  0.0247627  51.791  41.166  -22.9009
661819  neutron  5.19314e+06  -1.79199  -69.6697  6.65767
662618  neutron  2.46881e+06  58.5032  -35.8441  -13.9273
666472  neutron  555.823  14.0325  -21.9197  64.9925
666628  neutron  0.00960415  59.3181  20.4305  31.0702
668250  neutron  0.126083  67.8059  -6.08771  16.3311
670585  neutron  0.0348075  -60.6232  -2.60361  -34.9205
672114  neutron  671169  24.1761  21.4484  62.1038
674914  neutron  3.53569e+06  -27.9129  -35.867  -53.2525
675389  neutron  3.37134e+06  -15.1992  55.5647  39.7863
678378  neutron  47.5275  -52.7032  32.3963  32.7757
681255  neutron  0.099854  50.416  -13.979  -46.5212
681827  neutron  8.20153e+06  -69.9802  -0.0799776  -2.04095
684064  neutron  0.0921026  66.6148  3.81432  -21.1973
684183  neutron  0.13453  -43.8549  20.4479  50.5968
684324  neutron  0.00366379  48.9053  41.0183  28.7606
684501  neutron  0.0395357  12.3495  48.5639  48.8921
684947  neutron  7912.33  -35.8809  54.5721  25.2159
688605  neutron  5.96271e+06  33.9562  52.9217  30.7843
691257  neutron  0.0327149  57.8367  29.9572  -25.6687
697407  neutron  0.0354042  -47.7562  -50.2497  -9.78325
701337  neutron  2.53229e+06  -21.3682  65.1946  13.9452
704109  neutron  4.45983e+06  -9.57076  -49.2835  -48.7949
705471  neutron  4.7443e+06  15.0132  45.647  50.9151
707645  neutron  45.6621  -49.122  -2.5882  -49.8169
709830  neutron  0.119521  -54.5882  43.8343  0.295729
711106  neutron  0.0675335  -63.1124  28.0364  -11.497
712969  neutron  2.42022e+06  -58.5452  -29.2889  24.8197
713172  neutron  46.7494  -49.6182  43.9036  22.6255
716197  neutron  0.037476  54.3491  -43.8937  -4.57388
717089  neutron  4.15892e+06  -26.2111  -63.5489  -13.2633
718741  neutron  6.10586e+06  -49.4162  -15.4712  47.1177
719664  neutron  51251.3  -2.81674  -56.2093  -41.6411
721156  neutron  0.0652035  26.119  -45.0231  -46.82
721778  neutron  916606  -1.38504  -17.1696  -67.8579
722360  neutron  0.31983  -53.2386  31.5258  -32.7594
722459  neutron  683594  39.6115  2.01124  57.6913
725649  neutron  0.122627  -61.3861  33.2429  -5.29662
725797  neutron  83277.1  -24.4278  -65.2872  6.50101
728634  neutron  0.0548465  67.1707  -19.7355  -0.0817398
730291  neutron  5.45628e+06  -27.4596  41.3365  49.3828
732734  neutron  0.0279271  -46.4271  -28.3187  -44.0906
734863  neutron  3.51552e+06  39.936  32.3437  47.5436
735012  neutron  1918.57  18.7543  54.327  -39.9782
738221  neutron  0.305667  -41.8251  -45.2115  33.2863
739518  neutron  0.0795629  -11.2688  -67.7803  -13.4256
740900  neutron  2.45948e+06  -10.9339  54.7617  -42.2256
741006  neutron  1.51152e+06  58.832  -36.9832  -8.51082
742583  neutron  0.0329103  53.6131  4.13062  44.8328
744019  neutron  1.24843e+06  -65.0397  24.1535  9.37257
745579  neutron  3.31428e+06  58.3849  -32.7677  20.4666
746212  neutron  24.7053  -8.69207  -65.5353  -23.0428
747113  neutron  5.16234e+06  7.47761  68.477  12.5055
748352  neutron  475131  3.51609  55.8352  42.0888
748497  neutron  1.41282e+06  26.219  -18.1596  -62.3233
751103  neutron  0.0431486  4.62081  39.6066  57.5445
754837  neutron  0.0211037  -29.5131  63.395  -3.38412
755111  neutron  0.0441112  38.378  58.0138  7.93242
755628  neutron  0.0733284  -35.5826  8.18489  59.7351
757417  neutron  2.2055e+06  -55.3682  -1.04448  42.833
759210  neutron  2.40562e+06  -40.7313  -22.7809  52.1861
760330  neutron  4.72778e+06  -59.1142  -30.3534  22.036
764958  neutron  65079.6  7.59797  66.7363  -19.7467
766611  neutron  405868  -61.137  24.3626  23.8773
768056  neutron  4.09717e+06  11.8002  8.5101  68.4816
769001  neutron  1.86358e+06  -56.3471  13.9529  39.1372
769821  neutron  0.0395289  -60.1394  33.4053  -12.9898
772235  neutron  0.049826  -39.132  -50.4249  28.7648
775042  neutron  7.25825e+06  54.4919  2.38547  -43.8901
779584  neutron  0.0281309  -29.0553  62.616  11.68
780234  neutron  379915  4.08037  -59.9249  35.9689
784462  neutron  4.13718e+06  42.984  53.1113  15.263
787067  neutron  0.0423292  -65.8966  -20.5597  11.6761
788205  neutron  3.90917e+06  51.4512  -47.0378  6.45116
790156  neutron  3.17762e+06  -23.8945  -50.9457  -41.6532
790966  neutron  0.0400875  -3.49202  -62.5522  -31.2479
797765  neutron  7.98567e+06  -36.0056  23.2651  -55.351
802907  neutron  5.36752e+06  22.4877  -41.1599  51.9766
804857  neutron  2.6399e+06  -27.2474  -5.15463  64.2838
806629  neutron  0.0426622  -65.0241  -19.0258  17.6433
808494  neutron  102414  20.8125  23.7994  62.4646
814242  neutron  0.0215186  3.80522  -31.723  62.2942
814345  neutron  5.84557e+06  -8.69366  56.9826  39.7342
820797  neutron  88.102  -29.2463  -22.3576  59.5499
829841  neutron  6.31072e+06  -37.1916  38.6116  45.0259
833015  neutron  0.0458366  -43.9524  28.5093  -46.4414
833757  neutron  1.24173e+06  -24.8204  56.4115  33.2128
833906  neutron  0.0618321  -54.0836  -21.9277  -38.6723
834835  neutron  0.082703  -43.383  41.8266  -35.6351
835662  neutron  7.03036e+06  -13.2734  -59.5892  -34.2688
839398  neutron  0.0212799  51.7  -35.2323  -31.4197
841548  neutron  1.56646e+06  39.5556  36.8947  44.447
842613  neutron  0.0288155  68.7819  -2.88294  12.7333
845444  neutron  0.0303392  33.577  55.3319  26.6901
847596  neutron  5218.01  34.2965  60.3899  8.8436
849666  neutron  1.67421e+06  12.9331  -23.2309  64.7646
853153  neutron  2.16397e+06  3.61821  49.3972  -49.4796
854054  neutron  0.100416  10.7541  26.6624  63.8347
854608  neutron  0.0874121  49.4468  40.5059  -28.5601
856266  neutron  0.109776  -56.4042  -16.9284  37.8602
857959  neutron  5.80141e+06  -38.2438  10.9327  -57.6133
858364  neutron  2.40569e+06  -7.38781  -15.7748  -67.8084
859780  neutron  477584  -21.5192  -66.5002  -4.00566
860065  neutron  0.0387337  68.8951  -9.77967  -7.69587
862525  neutron  1.93413e+06  -17.5134  58.3595  -34.4797
862679  neutron  0.0347793  21.934  56.3156  35.3391
864214  neutron  0.0564501  7.49943  23.1162  65.6567
864736  neutron  0.0521867  52.2353  -46.2705  -5.64952
867976  neutron  0.0200939  58.4426  -27.5938  -26.9156
869216  neutron  2.31385e+06  -8.19869  2.95111  69.4656
870953  neutron  0.0418165  -69.8  -5.33932  0.92591
871508  neutron  5.97501e+06  -37.8011  -24.7324  53.4863
871775  neutron  1.72357e+06  -45.8516  -50.0399  -17.1768
872125  neutron  196.038  -39.317  -57.7124  4.98548
873506  neutron  0.0581528  -63.5794  -27.1852  -10.9554
874602  neutron  10.3667  -62.9057  28.806  10.7
875153  neutron  3.06631e+06  69.8981  2.05173  -3.38398
878273  neutron  0.0472188  -11.2369  31.509  61.5005
878799  neutron  48.1407  -18.9627  -67.2841  3.82873
882103  neutron  6.16655e+06  -46.9218  -46.5581  23.0671
886457  neutron  1.42024e+06  -38.1108  57.2124  13.2552
886995  neutron  0.0340056  34.1461  -38.0726  47.8113
888157  neutron  457411  55.5366  7.17135  -42.0198
890099  neutron  6.5735e+06  -64.0013  21.7609  -18.2127
891920  neutron  0.0611715  6.15512  31.2364  62.3522
893249  neutron  7526.85  -23.8186  -63.473  -17.4714
896541  neutron  0.0360571  -2.21989  -54.1814  44.2814
898875  neutron  1.83438e+06  -24.5291  2.67007  65.5179
899097  neutron  5.38097e+06  -34.848  20.4356  57.1787
902683  neutron  0.0153921  -33.005  -60.4336  -12.6432
903141  neutron  0.0170414  -29.7241  -56.8435  28.0481
903917  neutron  0.0165683  31.7327  11.9584  -61.2489
903919  neutron  1.41581  -35.2491  52.94  -29.2618
904894  neutron  215.993  -43.3289  30.1124  46.0136
908271  neutron  1.64418e+06  40.2837  29.8193  -48.8818
910817  neutron  2.15708e+06  35.8231  49.1389  34.6911
911457  neutron  0.0277566  42.7336  40.4341  37.9516
915652  neutron  0.124392  69.321  -0.593485  9.77988
917130  neutron  528486  -18.0168  67.1767  8.00494
917576  neutron  1.42954e+06  15.7632  67.3729  10.6683
918895  neutron  0.0808893  56.6074  -23.6531  -33.7274
919041  neutron  101093  -39.0723  12.4802  -56.7362
920003  neutron  1.74615e+06  37.1368  44.6512  -39.0964
922022  neutron  0.0351963  60.882  -32.4769  11.8338
923925  neutron  0.019133  31.3231  3.10426  62.535
924882  neutron  23109.5  27.0843  55.3162  -33.2861
928451  neutron  3.81498e+06  4.30896  32.5688  -61.8232
929470  neutron  5.82626e+06  -47.3874  41.008  -31.2118
929881  neutron  0.0346196  65.7634  23.9227  2.06966
930705  neutron  0.056212  68.9559  1.2152  12.042
930809  neutron  7.17033e+06  31.823  60.2539  -16.0672
934851  neutron  1.44671e+06  64.2966  -21.4742  -17.4989
943814  neutron  3.43079e+06  17.5802  32.8448  -59.2753
944584  neutron  1.46154e+06  -15.0051  3.2695  68.3049
946888  neutron  0.0792639  2.08128  22.3954  66.2987
947093  neutron  4.79759e+06  46.2795  19.703  48.697
950393  neutron  0.0875253  6.80792  -1.92192  -69.6517
952910  neutron  0.0798442  -0.165246  12.8969  -68.8116
953857  neutron  0.0114644  -44.803  -52.6345  -11.1218
954627  neutron  6.597e+06  45.3586  45.4095  27.9639
954661  neutron  3.87332e+06  -43.3945  30.5884  -45.6363
958313  neutron  6.03916e+06  -27.1334  7.89128  -64.0539
961114  neutron  401727  -30.7927  -29.8039  -55.3618
965357  neutron  2.70268e+06  49.2628  47.3969  -15.1035
965488  neutron  5.61286e+06  -9.92844  -31.5141  -61.7227
968127  neutron  73.0508  -54.5196  41.3719  14.7438
968948  neutron  0.0274636  68.0865  -2.30256  16.1346
970117  neutron  0.0248726  -1.03929  -51.5792  -47.3276
971754  neutron  0.0151671  -9.41806  34.2446  -60.3325
972318  neutron  0.0321224  -51.9616  45.7802  10.2747
974547  neutron  0.126439  53.8422  16.0103  41.7863
976450  neutron  0.0173803  -37.798  -58.7144  -5.03287
977698  neutron  8.03345e+06  28.1327  -27.0417  58.1266
977968  neutron  540283  -54.8386  -27.3357  -33.8658
978113  neutron  1.315e+06  -60.7633  24.695  -24.4823
981068  neutron  0.0959709  44.6965  39.1531  37.0224
981476  neutron  2.37142e+06  41.447  47.0482  31.1451
981812  neutron  0.0772026  -30.9866  -26.5284  56.8988
982107  neutron  0.00636362  67.7905  16.3072  -6.31883
982155  neutron  0.0296039  5.13558  -1.28884  -69.8095
982335  neutron  0.125021  14.5051  -66.1652  17.6966
984109  neutron  140.084  46.4269  -13.8712  50.5325
984157  neutron  0.0448682  26.9891  -50.7262  39.9981
986989  neutron  0.0168269  -37.0774  35.0284  47.9549
987119  neutron  0.0721041  -38.8504  56.8488  12.6593
988871  neutron  1.89481e+06  -0.577137  -41.7189  56.2192
989720  neutron  0.0421969  -62.2383  -31.8594  3.57336
991325  neutron  0.0462395  -33.2157  24.0821  56.7289
992579  neutron  4.10805e+06  -66.6406  -19.86  8.12487
992593  neutron  0.0371814  24.586  53.7955  -37.4563
992752  neutron  2.21366e+06  54.7289  40.3322  -16.7172
993720  neutron  0.0418921  30.2605  -55.5489  30.0003
996440  neutron  919211  -10.495  13.6409  -67.8615
997614  neutron  0.0755803  38.0416  -16.8953  -56.292
