7377  neutron  1.61848e+06  36.4815  42.2186  -70.6292
15744  neutron  6.24043e+06  68.6899  33.2238  47.746
48840  neutron  3.57983e+06  45.1978  -27.6893  72.7479
51187  neutron  4.67991e+06  -2.17749  -34.0451  83.2946
60694  neutron  6.71797e+06  44.858  13.2499  76.9025
101431  neutron  1.32614e+06  70.9416  -2.28997  55.352
126488  neutron  2.89833e+06  -54.6949  -61.5628  -36.3357
128486  neutron  2.45781e+06  56.5108  9.42793  69.4222
145455  neutron  7.42568e+06  -20.3233  -11.1054  86.9795
165834  neutron  5.29381e+06  -48.6955  43.1542  62.1954
207384  neutron  4.76218e+06  -35.3605  72.4375  40.0531
211866  neutron  7.55522e+06  54.3816  -39.7568  -59.6979
306611  neutron  2.51296e+06  48.9973  71.0443  25.5689
326297  neutron  2.46182e+06  -24.6293  51.9552  69.2521
333333  neutron  1.15212e+06  -3.21551  73.2731  -52.1777
353687  neutron  4.62816e+06  39.075  38.1815  -71.534
434910  neutron  41.9044  2.32965  -46.5389  77.0098
487632  neutron  0.0801082  -84.4428  14.4291  -27.6228
507388  neutron  0.0720455  -62.9729  -60.3394  -22.2568
517526  neutron  4.94455e+06  83.1945  -31.7859  13.0435
561520  neutron  5.23113e+06  -88.8562  14.1767  -2.32193
566101  neutron  5.3486e+06  -72.7599  27.8238  -45.0959
593210  neutron  0.00729551  -25.5941  -79.2036  34.2569
596656  neutron  4.52651e+06  -22.0018  -84.706  -21.0382
622097  neutron  0.0416178  -18.884  -71.7491  -50.9633
654089  neutron  0.061216  -87.9292  14.022  13.1775
663396  neutron  0.0543145  67.3265  57.513  -16.1616
670310  neutron  0.018877  -84.7915  -9.78827  -28.5727
748296  neutron  0.768391  -26.4756  -85.7147  -7.33649
792346  neutron  91.9772  -17.6377  35.6548  80.7431
793735  neutron  0.0313133  20.0542  33.1355  81.2506
794518  neutron  0.0417642  27.7517  -64.088  -56.7835
826088  neutron  233990  -35.8295  -42.1164  71.0229
833093  neutron  0.0288293  60.822  49.1836  44.536
872881  neutron  0.0418839  71.0441  41.3118  36.7133
983196  neutron  468431  39.709  41.0526  69.5678
