37218  neutron  5.24057e+06  43.5975  6.571  72.6827
39560  neutron  7.06644e+06  -49.3985  -66.3794  -19.5004
48658  neutron  0.0174797  57.3659  -32.2012  53.8418
49178  neutron  2.07887e+06  3.55769  2.42597  -84.9009
75603  neutron  5.06287e+06  38.1753  30.9716  -69.3549
85997  neutron  3199.04  75.1227  -39.6266  3.60781
87769  neutron  0.0364784  73.6064  -40.9593  11.4514
100742  neutron  1.244e+06  -78.5837  -27.9929  -16.3615
123426  neutron  0.0821738  -35.1443  -32.5447  -70.2312
127359  neutron  605773  -82.3193  8.14534  19.593
133328  neutron  4.8611e+06  23.9168  79.5606  18.0219
148566  neutron  5.3934e+06  78.8723  -24.8528  -19.7027
150231  neutron  2.73012e+06  -82.0314  -17.08  -14.3464
152482  neutron  2682.4  -42.2373  -36.1881  -64.2894
163065  neutron  4.25607e+06  11.5681  13.4636  83.1361
163421  neutron  1.6023e+06  -40.0378  74.2786  10.3133
175195  neutron  0.087894  34.7128  -75.9081  16.1146
182680  neutron  43781.2  -64.5167  44.9399  -32.3219
183976  neutron  989561  -36.2299  -61.6797  45.9315
202964  neutron  0.0191399  -80.8203  -25.0262  8.27478
209982  neutron  0.0256766  25.3389  43.3993  -68.5649
224881  neutron  130014  62.1451  -2.3665  -57.9576
227669  neutron  3.58585e+06  24.1393  -37.6794  -72.279
243330  neutron  4.03915e+06  -54.9248  14.192  -63.3131
244415  neutron  5611.25  32.904  60.358  50.0094
289351  neutron  2.10902e+06  -38.6427  75.715  -0.818877
296541  neutron  0.08807  -40.8059  -74.1585  -7.87987
308576  neutron  0.037036  81.4069  -5.53017  -23.8544
343304  neutron  4.23655e+06  4.10426  -78.481  32.4127
351441  neutron  882124  -33.8245  -39.2632  67.387
358500  neutron  3.71984e+06  -82.9714  10.3505  15.3402
370280  neutron  0.00655587  60.6767  -16.2111  -57.2908
386306  neutron  0.0482453  -31.9124  -65.8654  -43.2441
388218  neutron  4.30259e+06  5.00596  -45.8042  -71.4396
396582  neutron  372534  11.1362  81.1833  22.6264
398899  neutron  6.66412e+06  0.873329  -40.6811  -74.639
426245  neutron  1.50331e+06  71.6142  -44.76  -9.72924
428928  neutron  4.65571e+06  -47.9228  -58.019  39.5461
429670  neutron  4.77095e+06  21.0901  67.5348  -47.1271
469257  neutron  87.8229  45.6607  59.5224  -39.986
512592  neutron  0.05177  -1.91716  18.6162  82.9244
516680  neutron  6.4674e+06  25.2632  75.8471  -28.9084
520635  neutron  1.74853e+06  70.996  -43.6474  -16.7681
525681  neutron  1.09299e+06  -64.5462  41.4701  -36.6159
539353  neutron  0.0851326  -54.2506  -63.2202  -16.9345
541161  neutron  2.04706e+06  31.3968  -47.1751  -63.3676
542668  neutron  0.0262684  -70.1716  -43.7574  19.6962
566945  neutron  4.02275e+06  -38.6333  75.0128  10.3564
579720  neutron  623513  -70.9977  46.6713  -2.79635
589256  neutron  5.16638e+06  -35.9538  -66.4949  -38.8902
599634  neutron  7566.25  84.1561  -8.90334  8.07392
603572  neutron  0.0129438  -64.1935  -8.81359  -55.0293
612493  neutron  4.24931e+06  60.866  -58.4476  10.2915
626574  neutron  243293  -28.2683  5.62507  -79.9748
629381  neutron  985450  -76.2247  -5.20674  37.2745
630778  neutron  2.03795e+06  -39.9115  52.3557  53.7834
634596  neutron  0.0378606  10.7707  5.84105  -84.1224
665039  neutron  0.0321152  51.5169  0.249702  -67.6213
679102  neutron  0.00922785  45.8793  42.3459  -57.6942
693913  neutron  0.0192036  -21.3147  54.6615  61.5183
694648  neutron  5.75225e+06  3.09803  79.1049  -30.9761
705342  neutron  3.6222e+06  -80.97  25.444  -4.81322
705611  neutron  5.60724e+06  -63.4196  -40.8333  -39.2085
706402  neutron  0.0191324  -20.1196  -77.4869  -28.5952
728453  neutron  5578.41  0.0472133  75.0343  39.9569
733787  neutron  0.0766057  8.13898  -43.4413  -72.6176
740946  neutron  0.0840873  18.6606  -29.5214  -77.5046
742510  neutron  0.0685486  -4.73286  59.5819  -60.4508
785584  neutron  4.05284e+06  -2.71532  -41.0157  -74.4113
786201  neutron  805566  -40.7151  -20.6863  -71.7012
819425  neutron  4.08648e+06  -2.25367  30.753  -79.2204
823273  neutron  0.0202866  -22.6988  64.8822  -50.0176
823299  neutron  16.3367  56.0606  -30.2784  56.2772
839028  neutron  0.10076  -7.76144  82.8981  -17.1572
846355  neutron  0.198629  -20.0452  17.4524  80.7484
852131  neutron  685448  27.3633  12.8783  79.4487
855706  neutron  2346.79  3.52702  84.174  11.3574
855723  neutron  592408  55.6941  -52.7614  -36.621
859477  neutron  4.86753  -21.4303  6.3808  -82.0166
875953  neutron  4772.44  67.1944  -39.5265  -33.9008
879184  neutron  4.23296e+06  52.0083  60.5575  -29.2339
918614  neutron  0.0327676  -54.8217  61.7052  20.3409
923274  neutron  1320.38  -8.67382  -72.5511  43.4488
923493  neutron  964221  63.1402  -53.6377  -19.0529
923717  neutron  3.48666e+06  76.5956  25.2386  -26.8856
938281  neutron  2.29407e+06  2.96662  82.6805  19.5406
939856  neutron  6.49494e+06  -37.8755  -55.6206  -51.947
948930  neutron  0.0398561  -34.1502  77.6956  -4.88409
954818  neutron  1.8328e+06  3.22175  33.4113  78.1025
967137  neutron  175689  38.3061  5.30402  75.7047
968061  neutron  0.0405176  -59.2071  -54.2254  27.9432
992721  neutron  1.31079e+06  -9.7017  -45.1076  71.3994
