3895  neutron  0.0621307  28.087  -15.3808  67.8311
4963  neutron  2.25428e+06  -71.1293  20.4589  -12.1885
11190  neutron  2124.99  -37.0401  65.2162  -1.17344
12465  neutron  591914  -14.9356  -65.2155  -33.9171
16711  neutron  1.40718e+06  33.8433  -34.7073  57.241
25812  neutron  0.0682228  -45.2738  -47.6204  -36.1813
28821  neutron  132255  64.1116  -28.9437  -26.0474
30041  neutron  8.31892e+06  40.3949  58.6474  -23.5634
36466  neutron  920594  -43.5213  -56.3298  -23.6507
47467  neutron  0.0546531  -15.8044  29.1339  67.29
50052  neutron  0.0481614  28.1929  62.8176  -29.7592
61129  neutron  0.0688009  65.1016  -35.7049  -10.6512
64711  neutron  0.0405656  -15.716  32.4401  -65.7811
65844  neutron  0.0536265  -20.1719  -71.1207  12.706
69228  neutron  3944.79  -68.5852  -28.3168  -10.9877
69710  neutron  3.85115e+06  17.8257  67.974  -26.2352
76924  neutron  73128.8  19.2722  -58.9277  -42.2209
80629  neutron  0.036378  10.9753  56.5622  -48.0287
83152  neutron  0.0357034  4.84448  -74.1467  10.2613
84337  neutron  0.0313305  -2.85809  -62.8068  -40.9102
84337  neutron  0.0365671  1.08541  -65.774  -36.0222
84337  neutron  0.0304916  0.233398  -66.2531  -35.1707
89569  neutron  0.0140067  -6.23242  73.9381  -10.9917
96335  neutron  177995  46.0486  31.6813  50.0233
99018  neutron  0.0563838  -57.7023  47.9245  0.432858
102926  neutron  3.43858e+06  -7.70973  -72.2695  18.552
108120  neutron  1.92768e+06  44.8295  56.8886  19.5063
118993  neutron  8.72274  31.9856  -67.5223  -6.64508
122899  neutron  0.0431907  -18.9784  -19.2659  69.9653
126948  neutron  2.48695e+06  57.096  -7.39515  48.0818
127695  neutron  0.0795271  11.4556  -69.4545  -25.9104
138618  neutron  175324  -60.3541  -38.461  -22.4641
139888  neutron  10579  1.74097  -53.7551  -52.2863
141004  neutron  8.61201  65.4116  -36.5744  3.18343
143179  neutron  6.39815e+06  68.7474  22.4361  -19.9228
143364  neutron  0.132183  24.1617  67.3255  -22.583
147726  neutron  0.0420001  -28.8462  25.6775  64.3045
149892  neutron  1.19482e+06  -50.1049  -52.1903  19.8032
152385  neutron  561058  73.8417  12.9285  2.59912
152720  neutron  0.0534934  -45.1426  -41.3582  -43.3375
155586  neutron  0.0111793  18.4227  38.7543  -61.524
155699  neutron  1.04116e+06  -24.2438  -69.1791  -15.9058
158288  neutron  2.85153e+06  -20.8347  -19.1527  -69.4665
161889  neutron  1.96596e+06  44.034  -59.4941  12.1638
164805  neutron  6.55242e+06  -3.96946  72.9391  -17.0479
165096  neutron  489.04  71.306  2.18315  23.1773
166520  neutron  5.05253e+06  22.5509  44.103  -56.3284
170645  neutron  4.28621e+06  19.1097  -25.8359  -67.7778
178436  neutron  0.014768  -39.66  -63.652  1.41509
184815  neutron  583839  46.6242  58.634  -3.83851
187400  neutron  0.0365911  20.3499  27.7659  -66.6441
198770  neutron  0.0434457  -72.1908  7.62311  18.8911
199510  neutron  7343.71  -18.7176  64.786  32.8471
201592  neutron  0.0554987  -51.5564  -54.4316  -2.37329
203877  neutron  7.91502e+06  48.6682  40.2879  -40.4326
207882  neutron  3.36776e+06  -67.2995  19.1237  27.0473
211806  neutron  1.50112e+06  56.8073  -16.7675  46.0248
225525  neutron  2.05453e+06  -4.60055  63.3826  -39.8494
227904  neutron  1560.86  -6.42372  -66.6244  33.8589
232061  neutron  0.0269702  -1.40146  54.247  -51.7861
233929  neutron  0.00913417  -31.9145  -54.384  -40.6245
240415  neutron  6.52696e+06  -8.09206  74.4148  4.84311
241727  neutron  1.10098e+06  -49.2894  33.4749  -45.5684
241765  neutron  0.0459038  48.3853  26.278  -50.9395
252474  neutron  819.663  51.1153  -6.90202  54.4618
255224  neutron  6.20854e+06  68.9359  -18.3287  -23.2036
256379  neutron  8.63801e+06  -69.0977  -27.7037  9.19324
257957  neutron  11081.4  63.8132  -31.5799  23.6028
264528  neutron  6.88019e+06  -66.964  30.9068  -13.6782
268431  neutron  6.58203e+06  53.6722  -31.3305  -42.0024
270759  neutron  8.08005e+06  -22.1363  38.4981  -60.4515
277752  neutron  3.67902e+06  66.9445  -14.2738  -30.679
278393  neutron  0.0135059  72.9911  -17.2831  0.30793
282945  neutron  0.0188281  -35.0113  64.1527  16.886
288697  neutron  1.10424e+06  -45.9263  17.8576  56.5542
290025  neutron  0.0567871  -39.5858  16.4367  -61.5573
290984  neutron  0.0526202  -23.5877  17.6647  -68.9788
294937  neutron  6.59309e+06  -35.3017  66.1377  2.46931
297320  neutron  0.0303024  -8.60885  11.958  73.5486
302353  neutron  2.71661e+06  52.0906  48.0417  24.5981
302600  neutron  0.0283518  16.7581  0.064225  -73.114
303477  neutron  1.93423e+06  27.9851  64.6039  25.878
304743  neutron  1.28266e+06  11.7163  39.0779  62.9456
312203  neutron  3.94422e+06  -23.7517  2.60415  -71.1026
314092  neutron  0.0889789  -56.3959  3.39126  -49.3406
315704  neutron  2.31761e+06  60.9139  -16.6961  -40.4628
321113  neutron  6.46805e+06  10.7931  -53.72  -51.2266
323106  neutron  0.035373  20.5966  2.35769  -72.0883
327117  neutron  1.58164e+06  60.4557  -12.5691  42.5867
330571  neutron  1.07394e+06  32.841  55.6308  38.1206
334286  neutron  4.0556e+06  -46.2102  14.1878  57.357
334901  neutron  0.0381608  73.6816  4.88623  -13.1773
335537  neutron  0.0323261  34.5516  50.9623  -42.8431
339223  neutron  2.51068e+06  -27.3684  -1.34056  -69.826
340923  neutron  0.0467433  45.3428  39.9434  44.4415
341730  neutron  338617  -29.7619  63.4353  -26.7711
350618  neutron  0.0601067  7.26332  -73.8231  -11.131
350846  neutron  4.86026e+06  -20.0102  -50.9892  51.2464
351847  neutron  0.0234545  -14.4827  71.4715  17.5665
352536  neutron  5.83241e+06  40.1171  -52.1613  36.0045
353837  neutron  0.0582015  28.0411  -21.1449  66.2804
354397  neutron  0.0128335  56.5272  36.9862  -32.6067
356403  neutron  0.0697729  7.4206  -14.8091  73.1582
365167  neutron  6.42867e+06  -24.7448  -18.6284  -68.3167
369484  neutron  2.25884e+06  -41.6479  -38.1205  -49.384
374076  neutron  0.065615  -68.822  -29.8121  -1.12709
382660  neutron  0.0171873  -70.2658  -20.3769  -16.5528
386178  neutron  5.20778e+06  69.2113  3.60237  28.6934
398578  neutron  0.0342826  29.3391  -60.4356  33.3655
401874  neutron  4.528e+06  39.7697  34.167  53.6422
402323  neutron  628464  -33.4887  18.3137  -64.5726
405559  neutron  160.334  51.9107  13.2912  52.4893
405672  neutron  0.0769753  37.7151  21.112  61.3054
406440  neutron  15595.2  13.8234  55.2387  48.8273
408770  neutron  3.48982e+06  2.09972  10.6973  -74.2136
411512  neutron  1410.81  -29.5802  18.449  -66.4165
420812  neutron  8.92543  -58.82  18.9028  -42.5369
420812  neutron  5.35665  5.30099  16.6809  -72.9291
420812  neutron  0.0144091  5.00559  18.6371  -72.4852
421649  neutron  0.0415964  -16.1286  -43.3086  -59.0825
421826  neutron  6.1833e+06  53.5644  -48.0969  21.0725
422137  neutron  3.55313e+06  14.1452  72.1269  14.9705
424179  neutron  1.07709e+07  44.4352  43.6347  -41.8094
435727  neutron  0.0156808  17.4788  -60.8642  40.2062
443387  neutron  7919.28  38.7938  -43.5658  47.1547
444039  neutron  1.60775e+06  -13.9775  -9.46493  73.0859
444631  neutron  0.0773352  45.2609  -24.531  54.5544
446574  neutron  0.0224895  17.2781  0.758249  72.989
467924  neutron  4.93974e+06  26.2015  -51.6995  -47.6146
467961  neutron  1.42159  -21.6444  -22.9489  68.0541
477420  neutron  6.43652e+06  28.3692  -39.3627  57.2037
479550  neutron  1.27556e+06  -5.63496  -67.1075  33.0353
482678  neutron  5.27873e+06  -10.6857  -73.5161  -10.3776
487395  neutron  800061  44.1919  -2.19334  -60.5703
489895  neutron  30877.1  -66.3765  28.4567  20.27
490931  neutron  714033  29.919  -38.7012  -56.8645
493843  neutron  2.64803e+06  50.1297  -55.6964  3.37949
494683  neutron  5.54723e+06  16.8111  66.8256  29.635
501460  neutron  64727.3  47.9899  13.998  -55.9242
505263  neutron  6.42886e+06  67.4514  27.8581  -17.3418
506222  neutron  0.0228641  58.619  -41.9616  -20.7251
506970  neutron  0.0154375  -42.9679  61.4072  -3.06762
508073  neutron  0.0316611  -55.1686  -40.5273  30.6669
513470  neutron  485154  58.9219  13.9553  -44.2714
518718  neutron  4.76288e+06  -31.1093  -62.6202  27.1555
520392  neutron  0.0315422  15.0299  67.8056  -28.3373
529235  neutron  2.17563e+06  -21.819  -62.2672  35.6824
530919  neutron  735064  21.1685  -56.1532  -45.0023
531298  neutron  0.0342067  -56.5025  6.86558  48.8552
538946  neutron  854539  -46.0022  55.0399  21.9297
541611  neutron  0.042912  -32.992  -66.4439  11.1012
547816  neutron  4.35046  -68.2393  -30.8974  -3.90454
550696  neutron  0.0897168  0.760882  24.5131  -70.8874
555662  neutron  2.28596e+06  -19.4236  -69.869  19.1716
562676  neutron  4.79757e+06  34.2691  -62.2904  -23.9174
564636  neutron  14507.8  2.86303  64.138  -38.7894
564856  neutron  0.0944586  -34.4209  13.696  -65.2236
565777  neutron  6.28469e+06  -55.4984  -50.0767  6.22553
566240  neutron  5.48267e+06  0.852709  52.2172  -53.8436
567431  neutron  2.5609e+06  11.3318  -35.5695  65.0608
567439  neutron  4.11693  -17.6356  -69.7654  21.1724
572952  neutron  5.18769e+06  -27.2211  -43.005  -55.1006
573757  neutron  6.21781e+06  46.231  -39.1502  -44.2319
575086  neutron  69736.6  42.4109  34.6134  -51.2808
576597  neutron  90.9319  -9.83417  -31.5721  67.3275
576922  neutron  2.19871e+06  59.1747  41.842  -19.3418
579940  neutron  642438  34.834  -61.9945  -23.87
584044  neutron  1.64109e+06  -37.0447  -60.953  -23.2146
589387  neutron  1.03818e+06  47.0562  46.4694  35.395
590855  neutron  0.0405975  0.350241  -4.07734  74.8983
590926  neutron  0.0223065  3.84437  5.75079  74.6904
592924  neutron  1.23477e+06  -56.0381  42.5258  26.0343
597267  neutron  0.134255  52.4801  -53.0779  -7.42151
598976  neutron  0.61557  8.91636  -60.9408  -42.8161
599874  neutron  5420.98  -29.7777  -54.6267  -41.9013
602790  neutron  3.78711e+06  10.872  13.4628  72.9867
603712  neutron  385190  39.3655  54.9377  -32.5378
603738  neutron  8.00816e+06  6.78041  -72.2453  -19.0038
606480  neutron  0.077668  -44.2102  -33.1769  -50.7075
609215  neutron  0.0773423  13.4656  -52.1627  -52.1941
610830  neutron  16.5191  -10.3077  68.5368  -28.6872
614991  neutron  0.0749134  -27.3856  59.1119  -37.1795
619015  neutron  6.47974e+06  60.9294  -43.6154  3.43617
621730  neutron  0.0392549  19.2817  10.4429  -71.7333
621730  neutron  0.0450872  -7.62018  37.4514  -64.5316
621730  neutron  0.0444944  -7.63653  37.543  -64.488
628412  neutron  3.87458e+06  -46.839  16.3208  56.2694
629536  neutron  2804.75  12.176  38.1444  63.4291
635156  neutron  4.55556e+06  63.3978  29.5946  27.0439
637103  neutron  0.0441355  69.8136  -24.9773  -11.3442
642449  neutron  5.32239e+06  -28.6288  -30.1491  62.4333
647781  neutron  412023  -19.2611  -70.5226  -16.795
651308  neutron  14282.4  59.7801  -42.2987  -16.2376
651546  neutron  4.61296  -74.8306  -1.85302  -4.84177
655071  neutron  7.5869e+06  -65.9518  4.84811  -35.4028
655086  neutron  0.0460037  48.3061  33.6951  -46.4506
655086  neutron  0.0292631  17.203  56.3021  46.4665
655086  neutron  0.0701796  18.281  55.8581  46.6067
658615  neutron  0.0105517  -44.5177  33.2163  50.4119
659299  neutron  0.0429559  -48.3923  51.2994  -25.5549
660581  neutron  5837.46  -12.2621  73.956  2.57984
660814  neutron  3.00231e+06  29.6442  64.1823  -25.067
662847  neutron  1.53112e+06  -29.235  46.0406  51.4983
669762  neutron  3.47069e+06  -61.9838  7.34891  -41.5994
683449  neutron  0.0339832  49.4473  48.4908  28.8116
684513  neutron  0.0268743  -44.8313  53.8788  -26.7157
685333  neutron  6.75404e+06  1.96315  1.77445  74.9633
693611  neutron  0.0451544  8.42187  -67.6253  31.3432
706001  neutron  0.0288101  45.0292  -58.1651  14.6864
707941  neutron  104008  33.0721  -66.061  -12.9878
708809  neutron  0.0193689  -57.6638  41.4662  24.1234
712051  neutron  2.97571e+06  -62.0687  2.30174  42.0556
714104  neutron  6.17577e+06  15.7671  73.3222  1.32312
721464  neutron  717791  -2.69666  -73.4035  15.2037
727453  neutron  0.0133028  43.2023  -29.9328  -53.5171
731162  neutron  2.19286e+06  -73.8737  10.9968  -6.94601
732029  neutron  0.0392773  23.7017  1.03361  -71.1594
736123  neutron  2.36565e+06  -60.6059  -44.1018  2.90908
746524  neutron  4.38183e+06  -72.7679  6.68204  16.9318
750820  neutron  4.76223e+06  8.20293  -62.94  -39.9721
754090  neutron  4.6076e+06  42.4344  -0.940833  61.8461
758164  neutron  0.036716  -58.425  -46.6035  6.4133
759070  neutron  0.0700001  30.8449  43.0644  53.1088
760771  neutron  2.00988e+06  69.7636  12.5237  -24.5498
767915  neutron  0.013599  14.7197  63.5854  36.9692
771294  neutron  1.6339e+06  12.3334  66.2596  -32.925
778471  neutron  4.06419e+06  73.3105  -3.526  -15.4802
793902  neutron  0.119842  -41.1107  61.3536  -13.1204
795587  neutron  560.357  64.932  5.14424  -37.2004
796597  neutron  366123  -23.7029  55.2814  44.8178
797694  neutron  7.90679e+06  -51.448  52.922  -13.3739
797890  neutron  0.0111471  6.53037  11.4835  73.8375
801041  neutron  2.41854e+06  65.4149  15.6909  33.184
802122  neutron  721648  -32.1389  -41.159  53.8473
803528  neutron  1.41099e+06  22.8484  -5.04192  71.2673
803880  neutron  3.98721e+06  48.0818  -56.5738  10.6793
804727  neutron  0.0662399  34.4584  10.5465  65.7867
806852  neutron  7.51782  -10.3364  -26.9762  69.2239
807972  neutron  16937.8  -65.0551  14.7518  -34.3034
811221  neutron  0.0355619  16.257  -38.7197  62.153
817805  neutron  0.0406769  -58.0378  -0.631352  47.5154
819772  neutron  1.66545e+06  38.437  51.3926  38.8317
833160  neutron  0.0670923  -2.76067  -64.203  38.6892
840662  neutron  5.62136e+06  -3.70872  -51.1513  -54.7384
844160  neutron  0.189884  30.732  58.2062  -35.9735
844732  neutron  521963  -73.5217  12.8045  -7.55627
853513  neutron  2.98553e+06  -4.6411  -68.1005  -31.1012
855120  neutron  1.52893e+06  55.8794  7.53418  49.4694
855870  neutron  53423.2  -17.7873  -31.3007  65.8056
861826  neutron  849629  35.2971  52.2178  40.6684
863457  neutron  2.22072e+06  -26.3809  68.5691  -15.127
869308  neutron  6.71994e+06  -11.2058  -50.7121  -54.1223
870066  neutron  0.00338525  41.3012  41.0204  47.3079
871106  neutron  2431.71  -16.0388  -70.8935  -18.5301
875644  neutron  291231  -14.9579  -10.9765  72.6793
879996  neutron  5.39479e+06  -10.4139  64.8606  -36.2098
880648  neutron  1.73723e+06  -30.5305  -2.89828  68.4543
888747  neutron  101463  14.6858  -44.8423  -58.3095
888876  neutron  0.0568253  -50.6625  55.2237  -3.18546
889268  neutron  3.044e+06  27.2783  52.3432  -46.288
893752  neutron  0.0552549  42.6765  -54.9442  28.042
894315  neutron  1.47485e+06  61.0136  21.1304  38.1752
898385  neutron  0.0199733  -59.5501  28.6799  -35.4648
910643  neutron  0.0357707  20.9086  2.43957  71.9957
912086  neutron  0.0134961  37.7784  -20.5593  61.4541
920153  neutron  0.0549371  14.1266  9.89194  73.0006
920220  neutron  2.22205e+06  -43.7174  -37.7141  47.8846
928454  neutron  268442  -14.3889  3.03953  -73.5542
930927  neutron  6.13492e+06  -26.2907  -59.4765  37.3877
935458  neutron  47873.5  13.086  -9.68701  73.2217
937326  neutron  2.38711e+06  -54.4672  42.7458  28.8551
940577  neutron  0.0276747  25.0587  39.9562  -58.3272
940781  neutron  3.78669e+06  -29.6819  -66.1986  -19.0587
942463  neutron  2558.99  -67.0472  -27.4107  -19.4892
942470  neutron  0.0782256  47.1833  48.4323  -32.4738
948070  neutron  2.16028e+06  -7.41481  52.8986  52.6618
956392  neutron  3.10082e+06  50.5169  -54.7484  8.78408
974349  neutron  1.55406e+06  20.3477  41.716  -58.9258
979323  neutron  6.43491e+06  74.9873  1.16547  1.42832
981782  neutron  3.3302  -36.4031  55.9958  34.1436
984311  neutron  0.019092  -57.197  39.772  27.8063
991480  neutron  4.80803  74.6942  -5.7437  -3.77879
993860  neutron  0.0223069  62.5972  -1.91631  41.2846
996545  neutron  5.81302e+06  57.4673  -16.2767  -45.377
999173  neutron  184702  34.7024  -57.7038  33.0533
