1386  neutron  0.053437  -55.358  39.501  42.1517
5872  neutron  349610  -51.5431  -59.9335  12.3645
12512  neutron  0.0345672  -63.732  19.2525  -44.3753
30197  neutron  2.02702e+06  24.9082  67.6051  34.7956
34522  neutron  0.0338446  49.6635  20.4181  -59.3147
37460  neutron  3.14973e+06  1.52417  -79.1391  -11.6738
40615  neutron  3.94291e+06  -76.0109  0.0805456  -24.9786
46771  neutron  0.0386965  17.5972  71.3373  -31.669
53046  neutron  2.08576e+06  42.6749  -11.3749  -66.7163
53167  neutron  6.98e+06  -23.9985  -70.9153  -28.2258
53688  neutron  3.67136e+06  -27.4571  49.5917  -56.4656
56814  neutron  0.0193018  -43.7742  66.6578  6.49251
63072  neutron  911052  64.4324  -41.9546  22.1331
64340  neutron  726280  62.6127  47.2793  15.6818
64935  neutron  4.12229e+06  -18.2135  32.2149  -70.937
67072  neutron  1.82599e+06  12.4567  77.8309  13.7395
69483  neutron  3.32e+06  -43.1191  -52.6297  -42.1005
77826  neutron  1.26312e+06  -21.5338  37.3714  -67.3889
89878  neutron  931432  -3.51434  77.9822  -17.5505
100412  neutron  157.179  9.3873  62.9752  48.4521
103210  neutron  11.3691  -15.9488  75.6624  -20.5534
104200  neutron  2.91224e+06  39.9279  -43.8988  53.6681
108382  neutron  0.0472983  1.04396  12.4379  79.0304
115001  neutron  3.00568e+06  -12.3746  -35.0832  70.8353
121595  neutron  5.5072e+06  29.4374  -7.57703  -74.011
122383  neutron  0.00775276  -8.75654  -73.4804  30.4229
128370  neutron  1.61316e+06  17.2369  -75.5729  -19.8299
131603  neutron  1.76283e+06  25.541  31.3715  -69.0296
136513  neutron  2.55659e+06  35.6014  21.5651  68.3307
136839  neutron  4.46284e+06  -55.7529  11.761  56.1685
144727  neutron  8.6372e+06  -5.7816  -63.8566  47.8593
149654  neutron  280481  -31.9834  -60.0659  -42.0803
153897  neutron  0.0312591  -34.9471  64.6203  31.6942
154805  neutron  0.0444949  41.1518  17.6247  -66.3136
156776  neutron  0.0855503  -3.7643  13.3778  78.7938
160091  neutron  0.0201022  73.1219  6.24834  -31.8708
162040  neutron  0.0479489  65.6493  -23.4343  39.2759
164932  neutron  4.78493e+06  2.31333  -15.4986  78.4605
174079  neutron  25.8222  32.0997  39.7221  -61.5903
177349  neutron  83.2066  6.20702  41.9532  -67.8454
182236  neutron  1.57426e+06  -4.2428  -62.3033  -50.019
188071  neutron  703010  -38.4228  -64.2836  -28.1586
196024  neutron  5.51287e+06  -10.1834  26.5879  74.7729
202043  neutron  0.111887  -65.6496  -43.231  14.9268
202726  neutron  0.0356877  52.3016  58.7754  14.5462
206700  neutron  0.0235661  -66.3009  2.65021  -44.7075
214658  neutron  443238  12.6134  73.7502  28.3445
216700  neutron  0.0474035  -79.7452  2.32066  6.07612
222848  neutron  1.68952e+06  -7.59418  19.6791  77.1794
227505  neutron  3.13556e+06  72.9511  0.0716936  -32.8592
234528  neutron  0.0251318  69.3752  -1.75017  -39.8198
235250  neutron  904069  -7.87341  68.515  -40.5624
239143  neutron  5.29745e+06  -3.99124  60.463  -52.2484
241338  neutron  5.53231e+06  -4.16838  -70.5626  -37.4852
266903  neutron  866549  39.4714  -27.3695  -63.9884
272721  neutron  1.14733e+06  -4.01872  74.8006  28.1126
286240  neutron  224.724  -68.0024  -37.9758  18.306
287963  neutron  0.412067  10.9883  -63.2105  -47.8047
290012  neutron  4.01127e+06  -73.264  -22.9099  22.5639
300359  neutron  6.1202e+06  -23.4279  76.4069  3.83631
302900  neutron  0.135116  46.533  -30.3214  -57.5924
313756  neutron  0.00225998  13.1654  -72.6162  -30.9057
320655  neutron  0.104239  -13.2632  -5.82259  78.6879
321256  neutron  4.75568e+06  -66.6483  -42.9794  -10.6005
326490  neutron  5.49975e+06  27.0567  31.0594  68.5919
338651  neutron  745013  -20.1878  30.5444  -71.1414
341718  neutron  0.0181064  20.1541  -34.4961  69.3213
348521  neutron  0.0196335  -67.1613  28.3404  32.9816
353554  neutron  63.421  40.9379  -15.8892  66.8822
369280  neutron  8.87115e+06  -76.1063  -14.9803  19.6219
388974  neutron  630981  9.95705  -51.2568  60.6234
390694  neutron  5.75484e+06  22.9022  15.0803  -75.1643
394939  neutron  50.565  -76.1563  13.9107  -20.2068
397608  neutron  6.57031e+06  -27.4941  43.6469  -61.1606
402023  neutron  791.095  8.28817  -77.2106  19.2724
417500  neutron  5.18382e+06  -60.3019  0.892059  52.5784
430836  neutron  84062.1  4.9782  -31.4623  73.3958
431191  neutron  0.0363157  -9.71372  -74.1424  -28.463
434378  neutron  6.1472e+06  12.5681  77.7324  14.1888
445122  neutron  0.02046  -1.01127  79.3444  -10.2489
450470  neutron  0.0346357  21.5427  -75.7636  14.0493
450967  neutron  1.03175e+06  45.6162  -60.5921  -25.4825
451528  neutron  1.94471e+06  -72.7338  30.6709  -13.0646
459436  neutron  0.0784601  -2.13193  -73.6711  31.1387
461003  neutron  918476  -46.2802  58.8557  28.2089
464203  neutron  2.41461e+06  -15.9892  33.2363  -71.0021
464309  neutron  1.06989e+06  27.3181  -53.8064  -52.5375
464402  neutron  5.00028e+06  6.87751  16.7852  -77.9266
473014  neutron  6.48139e+06  -4.49017  -74.4885  28.8602
474209  neutron  8.36931  30.1858  65.4602  34.7187
475249  neutron  0.0200291  27.0402  54.2006  52.2755
487148  neutron  6.87779e+06  -14.6351  -72.064  31.5309
487963  neutron  0.101309  18.2205  -59.9502  -49.7553
489265  neutron  0.0326852  -0.849487  47.7583  -64.1874
492197  neutron  3.32169e+06  -77.9729  -2.02119  17.8252
497407  neutron  2.55529e+06  5.85063  -79.5132  6.70961
504115  neutron  2.7172e+06  -39.8062  51.6207  46.3937
511357  neutron  1.45484e+06  -12.2843  21.508  76.0796
512894  neutron  6.50357e+06  -77.2058  8.9196  -19.0079
514268  neutron  0.0154402  -65.0587  45.917  -7.78439
514825  neutron  4.02082e+06  10.2823  -2.11407  79.3184
518434  neutron  0.0530877  -72.4426  31.616  -12.4136
523167  neutron  488279  -66.3481  44.5455  3.90251
527612  neutron  0.0267642  -53.2444  -44.4117  39.9278
543643  neutron  2.66523e+06  -10.7803  79.2737  -1.03077
548348  neutron  4.78863e+06  0.321954  45.6771  -65.6894
561272  neutron  5.15081e+06  -54.2079  -47.8548  34.2494
570071  neutron  606195  11.683  73.782  28.6587
577227  neutron  0.0267032  14.0451  49.9328  60.9184
578966  neutron  0.0164425  55.3608  39.3928  42.2491
586105  neutron  1.70348e+06  14.4704  49.3047  61.329
586663  neutron  0.0453848  -11.4959  -56.8919  55.0705
587029  neutron  0.0670555  58.3722  41.4994  -35.6664
587029  neutron  0.0571155  73.6809  21.7669  -22.3009
587029  neutron  0.0145943  73.9102  22.0725  -21.2528
589162  neutron  1.72929e+06  -35.5497  68.2967  -21.7574
594259  neutron  657420  31.1606  19.9447  70.9424
596344  neutron  1.70746e+06  -50.8324  61.7768  -1.13645
602116  neutron  0.00533691  -39.2866  31.9342  61.9545
606239  neutron  1.60541e+06  63.4384  45.9049  16.4289
612211  neutron  0.0442502  78.7659  13.0464  -5.22669
640782  neutron  6.51592e+06  -31.7822  59.8286  42.568
661013  neutron  5.14335e+06  -35.3421  71.6045  -5.03348
663164  neutron  616827  -23.7942  16.5717  -74.5709
667570  neutron  0.0507775  50.8184  -53.9525  -30.1368
667619  neutron  2473.39  6.56521  23.6207  76.1614
670054  neutron  4.13032e+06  6.69494  42.8529  67.234
678044  neutron  5.04232e+06  48.6667  38.1893  -50.7418
685553  neutron  2.47666e+06  -38.3948  -49.2834  49.9858
707079  neutron  0.0415843  -12.8642  -77.7029  14.0846
709756  neutron  0.0212075  39.1455  -62.5953  30.8393
722175  neutron  4.57016e+06  9.28429  15.1826  -78.0057
740684  neutron  0.0898141  -50.2698  61.5061  -9.56809
745746  neutron  0.0173637  41.7575  7.92204  67.7875
751388  neutron  0.0317518  -54.9592  37.4017  44.5219
756694  neutron  3.39117e+06  -47.5614  41.2651  -49.363
757057  neutron  124593  -34.6873  71.7016  7.56799
759705  neutron  25.08  -45.0703  -55.6206  -35.7297
767023  neutron  1.74051e+06  50.2327  -43.0239  -45.0247
767990  neutron  0.0511239  16.0891  -22.8507  74.9706
768574  neutron  0.0106702  49.5666  -29.3768  -55.5135
778050  neutron  0.0596006  17.0837  18.0508  76.0521
779970  neutron  199553  -42.4138  1.10103  -67.8341
783748  neutron  66.024  -26.6898  48.6617  57.6307
789335  neutron  6466.44  -19.6328  -64.7996  -42.6283
789335  neutron  4496.78  -23.4722  -13.5137  75.2757
791443  neutron  0.0345858  -11.2585  -2.92637  79.1599
792371  neutron  0.0346178  -46.735  -18.2896  -62.3132
796023  neutron  4.26666e+06  -40.8895  43.7142  53.0916
797298  neutron  2.35264e+06  12.9477  78.95  -0.925873
798030  neutron  1.16573e+06  35.2469  -60.2722  -39.0706
798161  neutron  5.57345e+06  -69.7882  18.4807  -34.4917
798820  neutron  4.09897e+06  59.9592  -50.8592  14.827
800705  neutron  1.68058e+06  0.333301  44.5406  66.4652
809360  neutron  2.86708e+06  -27.9323  -24.1773  -70.9707
810909  neutron  4.16397e+06  -12.3743  16.0451  -77.4017
811471  neutron  4.11908e+06  33.2485  9.73455  72.1206
815951  neutron  0.0766247  51.6413  -22.6039  -56.7789
818337  neutron  0.10337  -52.1273  -55.332  24.9542
828633  neutron  0.0624515  3.08539  -78.3709  -15.8142
834835  neutron  541846  61.0474  -44.2966  26.695
844384  neutron  0.00996602  37.1502  -49.9468  50.2671
858939  neutron  5.75214e+06  -67.2051  17.9866  39.5166
865024  neutron  0.0380006  9.53417  -60.54  -51.4355
865884  neutron  1.58938e+06  -26.7741  -73.2801  -17.7419
867800  neutron  818556  -43.5702  65.2652  15.6106
882719  neutron  4.17987e+06  -57.6824  -54.6009  9.64788
884320  neutron  2.30024e+06  62.1717  -33.4235  -37.6715
893215  neutron  0.0989559  61.8951  49.4233  -11.311
902946  neutron  0.0631845  61.4056  30.3548  -41.3466
909164  neutron  0.140601  35.0163  48.3214  53.2963
914837  neutron  0.11563  63.1639  -36.9097  -32.3975
917831  neutron  5.74779e+06  -45.8623  32.5507  56.9096
929197  neutron  0.0145245  -23.4817  66.9428  36.9983
930345  neutron  0.169435  -51.0144  -61.6243  -1.2578
932861  neutron  168.5  66.9806  43.7622  0.279221
935349  neutron  301012  -54.5443  -1.55177  58.5159
938466  neutron  4.26645e+06  -28.062  -24.7883  70.7083
941274  neutron  0.102734  -50.749  -61.8272  1.87939
943600  neutron  0.0897744  22.0399  -61.8282  45.7506
943656  neutron  5.1848e+06  79.7978  3.03916  4.96752
946493  neutron  282562  38.5698  65.6938  24.4602
948904  neutron  1.59815e+06  75.9563  24.9445  -3.16535
953379  neutron  4.57958e+06  19.2252  27.5851  -72.602
956902  neutron  16320  0.151361  -50.5497  62.0186
965393  neutron  997010  -7.61098  47.386  -64.0175
979380  neutron  0.0365015  65.7707  -0.62943  45.5568
984091  neutron  0.0756198  18.0494  -75.3456  -19.9715
990525  neutron  0.046782  44.8279  -12.3932  65.1035
995324  neutron  951747  -48.3892  -28.2021  -57.1378
