3713  neutron  0.143303  -62.5588  4.13387  -17.1934
5901  neutron  0.0268542  -46.6666  12.0518  43.6266
6124  neutron  0.0204474  -44.3377  -42.2104  21.8805
7236  neutron  3.40189e+06  -49.5256  -41.4133  7.64514
7305  neutron  2.27796e+06  19.4316  56.1231  -26.4369
7637  neutron  0.051758  30.4913  16.9673  54.8515
7976  neutron  3.31072e+06  -50.6338  -39.9886  7.96419
8608  neutron  1.19172e+06  33.8299  14.2814  53.6459
9491  neutron  1.91078e+06  22.6472  57.402  20.4553
9626  neutron  0.0123518  56.5205  22.3306  -23.0885
11124  neutron  1.7283e+06  36.3343  -52.3306  -12.947
11213  neutron  0.0517887  -54.0549  21.8514  28.7557
14354  neutron  33.805  -14.5854  13.9382  61.8004
15411  neutron  168.424  -54.2632  4.91434  35.4634
18416  neutron  0.0757821  18.0003  -56.6164  -26.3983
21338  neutron  1.20494e+06  22.6178  -60.3348  -8.628
22730  neutron  0.0565801  22.3165  -33.3959  -51.1174
23174  neutron  0.0697324  -12.9305  -49.7018  -39.8602
23638  neutron  5.17312e+06  -17.0333  9.72688  -61.9803
24122  neutron  692648  30.6357  -47.0956  32.7072
24672  neutron  3.55044e+06  35.8428  -53.6213  -8.14565
25522  neutron  2.36057e+06  27.0523  50.3952  30.8999
26385  neutron  0.0172026  -51.9669  36.6163  -13.601
26425  neutron  2.81518e+06  6.06067  49.5047  41.6995
26883  neutron  0.101397  -55.3085  -1.74768  34.1206
27196  neutron  42424.6  -5.58302  41.1  -50.0592
28823  neutron  4.66904e+06  -16.7461  38.7736  -49.4214
29309  neutron  3.25368e+06  -11.3128  -45.668  44.8637
29566  neutron  24.494  -3.8569  35.1299  54.5648
29660  neutron  17294.9  -63.792  -6.48268  10.717
30054  neutron  0.0939091  55.9011  31.5319  10.3493
30743  neutron  2.68451e+06  32.2943  -40.1023  -39.6886
32321  neutron  0.0250918  28.2205  -55.1887  -19.5989
33081  neutron  5.12742e+06  53.5084  10.7834  -35.3111
35699  neutron  3.88377e+06  -23.1347  60.5592  4.86525
36146  neutron  0.0493012  -41.6853  -45.6043  20.221
36495  neutron  2.50267e+06  -63.592  11.9383  6.31149
36664  neutron  0.115807  -30.1874  33.2595  -46.9982
37007  neutron  0.013032  -37.7766  34.0055  40.5321
37777  neutron  1.33783e+06  -40.0104  -46.4239  -21.6861
38236  neutron  23983.5  -15.4406  -43.3445  45.9254
38858  neutron  57.0297  -57.5217  30.2262  1.98169
39396  neutron  5.40325e+06  48.2045  39.5064  -18.4899
39585  neutron  0.0184019  46.6236  -12.5513  43.5317
40861  neutron  0.0192974  50.4699  24.7574  -32.6521
42215  neutron  91844.6  33.8203  24.3149  49.9126
43889  neutron  1.97205e+06  -44.8819  -46.4705  -7.23925
45429  neutron  0.0461517  -42.131  23.3322  43.6679
45444  neutron  0.140734  26.5868  -3.82804  59.2012
45816  neutron  0.124957  63.6527  -2.99938  12.8703
47216  neutron  5.27864e+06  63.4737  -11.5131  8.05211
48529  neutron  5.91261e+06  -38.0284  -51.5114  -11.2569
48652  neutron  0.070942  59.7615  -6.65649  -24.7094
49990  neutron  0.0347179  -0.70148  49.1278  42.5707
50410  neutron  0.162258  21.776  19.8383  -57.953
52035  neutron  0.00907448  43.9543  -16.0011  -45.1474
52226  neutron  1956.1  16.1716  -18.4243  60.2107
53447  neutron  4.93419  53.173  35.4623  -11.8896
53505  neutron  0.00985392  -50.9204  18.8618  35.7442
55343  neutron  0.144197  26.938  -40.2424  43.3728
56335  neutron  0.157412  -18.0467  32.7634  53.1712
56673  neutron  2.26009e+06  10.5389  -35.9704  53.1165
57667  neutron  0.0249427  -22.8101  -2.52751  60.8244
57752  neutron  4.30914e+06  -6.6744  64.6615  -0.802193
58804  neutron  0.0424792  64.0378  -0.249348  11.1982
59788  neutron  1.81703e+06  54.9044  28.515  19.9676
60030  neutron  2.06765e+06  -32.0495  -51.6507  23.0507
60360  neutron  0.106101  -4.32931  28.4263  -58.3052
61135  neutron  35277.2  10.5748  38.46  -51.3352
61767  neutron  29974.3  -43.9769  44.1671  18.4823
61846  neutron  5.44782e+06  -30.4884  10.5541  56.4391
62082  neutron  0.046215  56.9112  17.1797  -26.3111
65606  neutron  0.0291308  -46.8073  -40.636  19.5982
65611  neutron  840004  3.10646  -30.1683  -57.5024
66323  neutron  0.0898522  -44.43  -44.5963  -16.231
66323  neutron  0.0841721  -30.2137  -52.5316  -23.5065
67156  neutron  0.0514889  41.9721  -49.0761  7.49521
68157  neutron  593628  -35.7476  48.8702  23.6667
68408  neutron  7006.51  46.708  -18.6246  -41.2042
70162  neutron  0.0143543  20.5289  55.9401  25.9918
70523  neutron  3.53636e+06  -8.79123  -64.3761  2.17544
70559  neutron  0.0186526  3.86239  58.6415  -27.795
73448  neutron  0.0172737  10.9858  -57.5405  28.1904
75089  neutron  49.1172  18.1608  62.2865  4.10844
75707  neutron  1.12507e+06  -56.8355  -24.4822  19.9161
77342  neutron  0.0595655  -9.44015  24.5363  -59.4571
77916  neutron  0.0349321  14.38  48.5251  -40.8023
78860  neutron  0.0274885  64.4401  0.545195  -8.57221
81476  neutron  276841  -22.0942  11.5218  -60.0449
81653  neutron  4.07168e+06  5.6321  55.2835  -33.7389
81972  neutron  0.0703151  -64.4803  -7.75611  2.90327
82155  neutron  0.0344096  2.87044  -64.4952  7.64431
82449  neutron  0.0541476  -20.4009  55.3653  -27.2907
82697  neutron  0.0608558  -20.189  14.4827  60.0746
83021  neutron  3.32663e+06  -28.6094  28.9044  -50.7183
83447  neutron  7.09388e+06  -27.1469  55.0693  -21.3709
83901  neutron  1.38809e+06  -37.2238  -45.1693  -28.2918
86593  neutron  0.0504737  -1.64413  9.14114  -64.3431
88291  neutron  4.54428e+06  -47.6021  40.5063  17.8768
88624  neutron  0.0253303  -57.2276  21.7198  21.8987
88856  neutron  4.75912e+06  31.9471  8.13792  56.0309
89258  neutron  0.152825  -45.5245  -16.8243  -43.2523
89434  neutron  572561  -31.5409  -28.711  -49.0627
89962  neutron  2.0457e+06  21.2873  23.9652  -56.5581
92624  neutron  0.0546876  17.7309  -57.6255  -24.315
93096  neutron  4.07018e+06  63.6268  -13.3351  -0.333097
93344  neutron  3065.07  6.09164  -30.9418  -56.8489
95919  neutron  0.0286983  -10.0466  49.071  41.4416
96310  neutron  28.2491  -61.0677  22.2941  0.0621898
96342  neutron  2.91824e+06  2.94181  -48.789  -42.8635
96949  neutron  2.14393e+06  1.51679  -64.9705  -1.68223
97193  neutron  4.2984e+06  0.707606  11.8775  63.9118
98730  neutron  1.14586e+06  34.6585  -11.9279  53.6918
100992  neutron  2.68773e+06  41.8994  -18.3776  46.1844
102100  neutron  1.11696e+06  -48.9973  -17.0862  39.1616
105715  neutron  0.001883  -31.3343  56.7823  -4.49841
106999  neutron  1.97153e+06  2.18456  -23.5359  60.5606
107505  neutron  1.12137e+06  29.9866  -57.0816  8.29471
108668  neutron  0.0550284  -9.65861  -30.0338  56.8417
109070  neutron  2.48306  64.2102  -6.39673  7.9012
109447  neutron  0.0394801  58.3535  -16.9229  -23.1253
109464  neutron  13.8144  52.6557  16.2998  -34.4672
111072  neutron  1.44266e+06  0.889395  55.4831  33.8694
112957  neutron  0.0158808  53.4726  4.50099  36.6977
114012  neutron  299794  -36.5551  -36.3329  39.6225
114622  neutron  66.9075  -52.3801  16.5457  -34.7687
114994  neutron  2.7254e+06  -47.3317  20.0658  -39.7916
115678  neutron  0.0509498  48.3852  -7.42915  42.7783
116044  neutron  5.86951e+06  0.450589  61.2931  -21.6622
116092  neutron  603531  11.8699  -56.1732  30.4954
117352  neutron  260723  8.62555  52.8  36.9332
117787  neutron  1.12639e+06  -55.4398  -27.7314  19.5883
118283  neutron  0.106593  61.7914  -13.6271  -14.914
119447  neutron  0.0510488  -12.8617  -52.2116  -36.5352
120799  neutron  4.28939e+06  -28.8284  -18.5473  -55.2379
121021  neutron  0.011475  40.6236  34.4634  37.2598
121663  neutron  4.70068e+06  -19.3476  11.2122  61.0431
122153  neutron  0.317274  -54.5496  -35.2736  2.53382
125872  neutron  0.0784906  -20.2296  -43.7917  -43.5816
125888  neutron  5.68688e+06  -8.76614  63.1077  -12.918
126135  neutron  5.15748  35.2831  -28.34  46.6717
126892  neutron  0.118962  -54.8663  -26.9536  22.1244
127523  neutron  0.0341324  5.29258  63.5534  -12.6195
129204  neutron  5.08516e+06  51.5177  37.9561  11.47
130521  neutron  0.0610493  13.8292  -50.8151  -38.1166
130844  neutron  0.0301275  -17.8654  -54.359  -30.8581
132127  neutron  0.108034  64.6685  6.65107  -0.216925
134155  neutron  4.17214e+06  -49.5871  -0.678624  42.0352
134876  neutron  0.0568822  31.7073  -56.7533  0.0905384
136556  neutron  4.35696e+06  -58.5122  14.5313  24.3202
137581  neutron  2.92453e+06  -15.3037  -31.2285  -54.9261
138313  neutron  0.104038  -57.8487  -12.9397  26.6906
138904  neutron  3.97135e+06  -44.2097  40.2883  25.4686
139032  neutron  1.96604e+06  -39.1654  48.4448  -18.5867
140249  neutron  1.49042e+06  19.3937  58.7624  19.929
141000  neutron  0.0791212  -38.6823  -20.5177  -48.0521
142088  neutron  2.48279e+06  45.2221  5.79407  -46.3432
142337  neutron  1.30439e+06  41.1013  -9.64648  49.4361
143157  neutron  0.0143422  -33.8891  -35.2724  42.8216
143263  neutron  0.0551586  -2.19939  16.1088  62.9442
144356  neutron  5.09523e+06  -51.5566  -10.6007  -38.1555
146314  neutron  3.10324  -32.7475  46.3175  31.7583
146954  neutron  3.43423  51.0636  18.5779  -35.6886
151130  neutron  3.17045e+06  -43.6594  -44.9492  17.3125
151257  neutron  2.30928  33.2018  -54.2541  -13.4326
152405  neutron  4.66644e+06  53.7453  25.0573  -26.6434
153681  neutron  0.027139  3.62391  -42.2549  49.2716
153762  neutron  0.0305025  -29.848  31.6652  48.2981
154348  neutron  0.0732931  47.1127  20.8207  39.6635
154897  neutron  648856  55.9017  -32.4651  6.87891
155285  neutron  1.32707e+06  32.6791  -49.0764  -27.3839
155526  neutron  1.42303e+06  -33.8453  -36.8984  -41.4645
156390  neutron  5.37339e+06  49.3461  39.5727  -15.009
158760  neutron  6.06287e+06  -27.0335  -56.6213  17.0154
158820  neutron  0.108943  -54.1952  -4.61834  -35.6069
159484  neutron  6.31238e+06  -46.6957  -9.80789  44.1545
160769  neutron  4.43776e+06  -9.07529  -64.0896  6.03853
160795  neutron  0.0557949  61.5376  19.5851  7.47319
162588  neutron  0.0306097  15.5712  -61.8307  12.6806
163336  neutron  3.38863e+06  -49.2084  -2.50156  42.4096
164290  neutron  0.0598595  24.1175  43.636  -41.7198
164484  neutron  0.135997  -59.4967  -26.1068  2.20758
165490  neutron  1.3148e+06  10.5655  -46.3126  -44.3825
165616  neutron  0.0594691  -35.04  23.4007  49.5066
167038  neutron  5.75062e+06  17.6977  61.2968  12.4816
168291  neutron  1.75934e+06  -31.361  19.6453  -53.4495
168837  neutron  0.0203516  48.7669  -27.5859  -32.9713
169858  neutron  10.6004  -10.5516  34.0158  54.3865
170653  neutron  0.0432252  -18.596  22.2514  -58.1839
170925  neutron  0.0379999  -25.097  59.6136  -6.53117
173233  neutron  0.00668365  -20.7255  -61.6083  -1.0808
173435  neutron  2.09953e+06  -2.38708  34.851  54.8271
173516  neutron  0.10823  41.6598  48.2056  12.9222
175787  neutron  0.49768  -1.10107  19.9328  61.869
178650  neutron  544318  14.937  -62.0329  -12.4539
179235  neutron  0.0158506  -23.32  -9.35103  -59.9586
179912  neutron  0.122935  -54.9277  -25.4357  23.7123
180854  neutron  3.4304e+06  -42.812  26.6927  40.9992
181343  neutron  0.0258744  64.0643  2.50632  10.7603
182619  neutron  4.2784e+06  42.9449  48.5328  -5.15737
182851  neutron  372931  34.2119  -19.8358  -51.5983
183496  neutron  0.0943148  36.4886  30.2282  -44.51
183600  neutron  0.039479  -4.37076  18.3773  -62.2051
186152  neutron  3.41891e+06  32.0368  -39.1774  40.8053
186185  neutron  6.52514e+06  -13.4323  -37.0836  -51.6786
186682  neutron  0.0123644  50.2033  22.2122  34.8216
187227  neutron  0.0370383  48.2762  -14.645  -41.0028
188284  neutron  268724  47.4181  -36.0452  26.0494
188433  neutron  3.32725e+06  48.6912  42.1351  8.9501
189194  neutron  4.63681e+06  -51.7619  29.3815  -26.1484
189508  neutron  0.0289651  -59.3326  -23.029  13.2518
189994  neutron  0.00982789  -4.50915  19.1455  61.963
191375  neutron  0.060624  -56.3183  32.4297  -1.69358
194078  neutron  0.14885  -43.9352  -14.1319  -45.7852
194563  neutron  7.02183e+06  -47.5134  33.6816  -28.8847
195372  neutron  6.43057e+06  -11.0821  -63.3051  9.79522
197736  neutron  0.0446214  -52.2707  -4.09544  -38.4356
198077  neutron  102770  56.1842  32.6916  0.949497
198329  neutron  1.85731e+06  30.2149  28.4461  50.0418
198434  neutron  7527.23  59.0644  4.33107  26.813
201472  neutron  0.0514068  -45.6913  -45.6503  -7.39317
201496  neutron  303301  42.3358  -46.9001  -15.309
202394  neutron  0.0817765  -11.2985  -61.6573  -17.2343
202493  neutron  0.0862127  -13.9581  5.34749  63.2683
205165  neutron  0.0268793  44.3744  40.5695  -24.725
205739  neutron  849652  47.7312  29.1754  33.1184
206384  neutron  4.34336e+06  -53.0772  36.5588  8.51839
206774  neutron  0.0748522  -49.9287  -41.4224  4.19556
207207  neutron  0.0661113  28.7157  25.6112  52.4002
208156  neutron  6.31483e+06  -32.785  11.6106  -54.9239
211336  neutron  3777.56  -59.4651  15.0562  -21.5292
211997  neutron  0.156186  -18.7749  -61.9307  -6.19569
212282  neutron  0.0462393  16.2188  40.3968  48.2841
212894  neutron  0.0574961  -17.0391  35.9472  51.4176
217138  neutron  0.0591107  -6.38096  36.1024  -53.6861
217777  neutron  0.0409453  14.9637  -14.4577  61.5903
219796  neutron  119320  36.228  -41.0504  35.0527
221051  neutron  0.0140185  0.819138  1.82257  64.9793
221642  neutron  0.0190088  63.8116  -10.9099  -5.94557
221839  neutron  0.0202317  30.6882  -57.1048  4.85501
222083  neutron  125485  60.1387  -7.60934  -23.4889
222285  neutron  726246  -13.3333  -63.5974  -1.97274
223849  neutron  46637.9  36.6533  -48.3604  -23.326
223929  neutron  0.0911007  49.458  41.9417  -4.59383
227954  neutron  0.0845424  50.0941  39.7135  -11.8205
228182  neutron  5.52809e+06  -17.4427  17.7807  60.0491
229066  neutron  5.09505e+06  -61.481  20.3558  5.65917
229220  neutron  3.39238e+06  -21.3939  -39.1969  -47.2463
229600  neutron  4.62327e+06  -59.5472  -19.8991  16.8658
230102  neutron  0.00792295  23.8433  48.7266  35.8262
231655  neutron  81547.8  -18.7195  -60.8247  -13.2755
232365  neutron  2.48031e+06  10.1481  38.4207  -51.4506
234495  neutron  2.06785e+06  -0.846828  28.8981  -58.2278
234578  neutron  0.00957402  34.7542  24.4315  -49.2092
236198  neutron  0.0259931  15.283  -53.8413  33.0733
237333  neutron  3181.89  -18.0656  -54.3735  -30.7157
237640  neutron  93.0966  -20.1066  41.1558  -46.1327
240067  neutron  0.0547006  -57.2693  1.24738  30.7404
240677  neutron  5.19004e+06  -15.4763  46.2886  -42.9436
241028  neutron  0.0348238  46.3841  -11.9448  43.9561
242100  neutron  5.991  -52.5792  13.1771  -35.89
243897  neutron  3.48071e+06  -23.2619  -7.79889  -60.2027
244275  neutron  754366  28.3725  56.4947  -15.1542
245072  neutron  1.3662e+06  42.7869  -43.124  -23.1495
245158  neutron  0.159871  14.5649  57.5239  26.5551
245420  neutron  2.60741e+06  24.8421  -60.0764  0.0101382
246343  neutron  1.35841  -61.7183  -6.49073  19.3656
247449  neutron  2.78344e+06  45.5537  45.9303  6.44769
249259  neutron  438251  29.4339  21.1545  53.9669
249927  neutron  0.0357894  13.4521  60.9717  -18.105
250913  neutron  85.3233  -63.9622  -3.91621  -10.9452
251106  neutron  0.00478144  32.6997  -16.0758  53.8387
251106  neutron  0.0178693  24.4165  3.22792  60.1533
251106  neutron  0.0214167  24.6352  3.70136  60.0475
252469  neutron  0.127403  -1.10913  64.5413  7.71311
252471  neutron  2.18619  -37.5523  -13.016  51.4462
253182  neutron  0.070364  -14.0301  -48.3561  -41.1235
254808  neutron  0.455405  47.3648  42.2619  14.0288
255007  neutron  7.3933e+06  -20.6816  -59.8645  -14.6566
255417  neutron  0.0367638  40.1235  45.5317  -23.3082
255586  neutron  0.0686529  -44.2274  18.4709  43.9211
255675  neutron  4.94975e+06  32.0177  -25.4681  -50.5227
255688  neutron  0.0798984  16.8002  -17.9547  60.1804
256108  neutron  2.37923e+06  13.7192  62.2929  -12.5571
256238  neutron  343333  -12.0783  55.9934  30.7434
257172  neutron  3.83149e+06  9.4703  -49.2442  -41.3717
258737  neutron  0.0699627  33.8845  -54.3728  11.0337
259038  neutron  5.23763e+06  -24.3562  -22.9055  -55.7531
259322  neutron  1.9099  4.14532  9.51242  64.1766
262321  neutron  0.0580887  -22.6309  60.8827  -2.72613
262609  neutron  2.75109e+06  49.8189  33.9198  -24.3685
263808  neutron  0.0625056  18.5977  -28.2672  55.5103
264062  neutron  0.00953014  41.6687  42.752  25.735
264940  neutron  292296  8.6164  -4.08152  -64.3071
265019  neutron  0.0350835  45.4965  -44.8986  -11.8526
265035  neutron  0.00682314  -36.5463  20.6899  49.6246
265655  neutron  3.08637e+06  -44.3824  -4.88849  -47.2504
266046  neutron  2.17876e+06  -46.0472  44.598  -10.8153
267286  neutron  911565  22.2924  48.613  -36.9612
267644  neutron  3.08594e+06  -46.4529  33.1337  -31.1542
268046  neutron  11.2949  60.6698  -18.5394  -14.2046
268357  neutron  4.15373e+06  -25.2876  56.0254  21.1659
268402  neutron  0.0925982  -15.4013  -15.5226  61.2221
268901  neutron  0.0235289  -21.4012  6.23702  61.0687
269108  neutron  3.15197e+06  -52.219  -25.9761  -28.718
271765  neutron  167.597  15.3947  63.1462  1.3634
272030  neutron  42.1222  -10.2308  32.8174  -55.1783
272168  neutron  0.0101933  26.2858  9.33373  58.7217
273900  neutron  528899  -41.3129  -36.4586  -34.5009
274340  neutron  354224  -20.5487  57.4489  22.4427
274444  neutron  0.73664  -33.0737  15.8746  -53.6696
275101  neutron  2.37064e+06  -40.1324  -28.4001  -42.5338
275129  neutron  3.05645e+06  -17.2293  53.6934  -32.3492
276873  neutron  2.76309e+06  -35.184  -53.9304  -8.93865
277399  neutron  0.0697853  -11.3865  63.9169  -3.35783
277491  neutron  0.0627095  51.1796  11.559  38.384
277876  neutron  1.98869e+06  -42.7511  -8.07383  48.3059
278212  neutron  656524  -41.267  -29.5873  -40.5947
279493  neutron  3.85515e+06  12.9539  -58.2295  25.8422
280614  neutron  1.19347  54.0484  -31.8906  -16.9722
283435  neutron  4.02349e+06  -49.4638  -13.9496  39.8125
286023  neutron  3.29627e+06  -33.5476  -30.2974  46.7218
286843  neutron  1.46014e+06  -28.9068  38.1829  43.9633
287464  neutron  0.066775  -37.5906  -10.6668  -51.9564
287535  neutron  0.0409838  -10.7347  37.093  -52.2989
293878  neutron  5.86623e+06  -53.446  -35.5882  10.1639
294721  neutron  0.0319417  -34.6731  -53.634  -12.1435
294778  neutron  114.308  15.199  52.6688  34.947
295525  neutron  0.00743319  -51.0511  29.7625  27.0974
295811  neutron  0.0725926  16.8841  -25.4596  57.385
295904  neutron  0.0318521  -8.14533  -44.8445  -46.3565
296092  neutron  0.0224697  53.4777  36.807  -3.41719
296153  neutron  0.0187543  -36.0561  14.9526  -51.9873
297258  neutron  0.093579  21.7052  -13.4589  59.7833
300400  neutron  4.27821e+06  53.9732  34.4611  11.2084
300992  neutron  3.06395  -21.3617  -36.1434  -49.635
304231  neutron  1.8242e+06  50.9523  18.2248  36.0281
304999  neutron  0.097031  10.5935  6.77  63.7828
307419  neutron  0.148202  -31.4235  -26.9037  -50.1503
308624  neutron  3.20865e+06  44.7103  -21.7782  -41.8688
309153  neutron  1.83015e+06  33.2367  49.0337  -26.7828
310453  neutron  0.042339  53.3237  -32.8525  -17.4241
311030  neutron  440533  2.71598  64.6595  6.16997
311158  neutron  0.0430899  38.2578  18.4913  49.2008
311570  neutron  0.169813  32.7281  17.7758  -53.2841
313774  neutron  0.126867  29.7274  -13.5636  -56.2015
314063  neutron  4.30321e+06  1.47805  -2.8701  64.9298
314802  neutron  3.87699e+06  -56.9167  -0.267518  -31.4121
315105  neutron  0.0485591  9.73691  49.8064  40.6303
316085  neutron  1.43263e+06  14.1176  58.4063  24.8133
316770  neutron  1.91861e+06  60.3107  24.1195  -2.67726
316930  neutron  0.0699678  57.3495  -6.48859  -29.9205
317457  neutron  0.0621452  -58.2849  10.3703  -26.8632
318997  neutron  2.479  23.0798  -19.6613  -57.507
319645  neutron  4.90704e+06  20.0879  -7.94956  61.3154
320292  neutron  54.0277  -55.1276  -4.95526  34.0983
320348  neutron  0.0541421  -24.065  -1.13333  60.3812
320461  neutron  513171  -15.5209  53.6728  -33.2359
320753  neutron  2.66445e+06  -28.9663  -48.471  32.2152
322441  neutron  479335  -37.4354  21.2316  48.7248
322752  neutron  0.0705338  14.5032  -31.6367  54.9097
324567  neutron  1.57115e+06  34.1488  30.829  45.9318
324736  neutron  0.0527394  -43.7703  -47.8291  -4.77912
324779  neutron  478734  28.2258  -0.15102  -58.5626
324924  neutron  0.00542923  -38.5548  -18.2437  -49.0611
325476  neutron  79.5844  31.911  54.2221  16.3692
326691  neutron  2.53851e+06  1.87665  -64.7602  -5.37575
328954  neutron  0.0679859  10.6589  -18.514  -61.3997
330223  neutron  0.0311315  -6.59158  62.4633  -16.7686
330447  neutron  5.90999e+06  -22.6898  -20.5032  -57.368
330956  neutron  2.92655e+06  -8.47577  -51.1011  -39.2828
332075  neutron  0.0138879  -20.0496  61.8074  -2.03976
332350  neutron  1.29116  40.2917  -16.5502  -48.2594
333757  neutron  0.103852  -25.4043  -30.6381  -51.4026
334268  neutron  0.125777  6.56377  -52.9494  -37.1427
334341  neutron  0.0661707  39.4017  -31.6103  -40.9219
335648  neutron  0.0438986  8.44982  61.9857  -17.6824
336358  neutron  4.03657e+06  53.1171  -35.0497  -13.2812
337687  neutron  4.48522e+06  63.4565  1.76209  14.0166
340905  neutron  4.95049  -38.9689  48.7525  18.1914
343585  neutron  0.0708573  -64.6844  6.18512  1.99289
345680  neutron  1.00944e+06  -7.51894  11.5877  -63.5255
346478  neutron  4.52946e+06  -49.3543  -32.1196  -27.546
346631  neutron  170895  14.535  -49.5491  -39.4959
346952  neutron  4.64736e+06  47.2827  -39.1495  -21.4002
347773  neutron  38947.5  31.8068  48.1942  29.8655
347819  neutron  0.252514  10.7894  63.98  4.05567
348012  neutron  723596  5.62188  38.1848  -52.3127
349145  neutron  3.97034e+06  -59.1573  -20.7488  17.2105
349334  neutron  2.09818e+06  -2.95792  58.6495  -27.8888
350833  neutron  0.129901  -59.0632  5.94869  -26.5037
350895  neutron  0.0499191  -46.6209  -27.2419  36.2031
351354  neutron  0.0635965  46.7163  -17.8529  41.535
353080  neutron  7.19125e+06  63.0718  12.8672  9.09284
354375  neutron  0.0299109  34.3208  -52.7539  16.2915
354548  neutron  5.72804e+06  -42.7737  8.04215  48.2912
355030  neutron  3.87453e+06  44.3524  -45.7041  13.0497
355077  neutron  0.0319158  29.3997  -55.6194  16.384
355568  neutron  954977  0.684035  12.3868  63.8154
356381  neutron  5.99179e+06  -0.890628  -18.1083  -62.4307
358526  neutron  6.02549e+06  20.2758  -55.6071  26.8894
358630  neutron  6.20573e+06  -55.0904  32.6488  11.1983
359567  neutron  15920.8  20.6384  32.8936  52.138
360693  neutron  0.0694328  46.6049  -25.6106  37.3949
361611  neutron  619854  22.4026  51.1309  33.3174
362893  neutron  0.0637075  15.7731  -4.87738  -62.8786
363598  neutron  4.11229e+06  -43.8339  -47.6777  -5.63273
363882  neutron  0.0315779  21.1435  30.302  53.4887
364075  neutron  5.34307e+06  51.4345  5.34801  39.3979
364427  neutron  3.00677e+06  -60.051  18.0621  17.1445
364745  neutron  580463  20.3636  -32.2341  -52.6554
365451  neutron  0.0632764  -37.5435  40.7766  -33.9715
365512  neutron  3.30938e+06  -35.3306  38.981  -38.1908
367163  neutron  0.0141811  -57.2904  -4.70577  30.3638
369366  neutron  5.32122e+06  -61.7044  20.466  -0.0906459
370029  neutron  2.39531e+06  37.2356  -16.3363  -50.7241
370051  neutron  0.0762377  -20.6546  61.6316  -1.11031
373414  neutron  2.36063e+06  62.5123  -12.1686  -13.0551
375356  neutron  8.58733e+06  -15.6014  62.4336  -9.21619
376162  neutron  0.0542442  -20.5635  -37.189  49.1978
376522  neutron  72.8578  -4.41903  62.2712  18.1404
377018  neutron  1.15442e+06  32.0318  -35.2265  -44.2646
377247  neutron  0.168507  -41.7253  -29.2994  -40.3342
381526  neutron  0.0704518  -43.3418  -38.4446  -29.4925
382185  neutron  507457  29.9333  -54.7318  18.2957
383297  neutron  3.04742e+06  17.2681  54.4846  30.9764
383723  neutron  3.39047e+06  33.0036  -55.6172  6.61739
384924  neutron  6120.52  57.5998  6.492  29.435
386019  neutron  0.00920431  -19.7233  57.5196  22.9953
387557  neutron  0.0972769  54.3955  -8.36382  -34.6045
388606  neutron  0.0164205  -45.9978  -45.2777  7.77351
389272  neutron  0.0204033  -8.46448  -44.4015  46.7243
389591  neutron  0.00719979  -49.2395  40.7783  11.7857
389849  neutron  5.95439e+06  -36.936  -49.4514  20.4106
390596  neutron  2.10585e+06  60.4284  10.794  -21.4056
391337  neutron  0.0438598  4.63283  -3.70185  64.739
391743  neutron  5.34415e+06  11.6582  -59.7726  22.7514
392087  neutron  1.97794e+06  18.7218  55.2552  28.682
393214  neutron  0.0331603  -35.2588  52.9418  -13.4272
394576  neutron  633556  29.8362  -27.29  50.9054
394838  neutron  4.20304e+06  4.29917  -54.6282  -34.9797
395172  neutron  2.48798e+06  30.6349  26.9374  50.618
395824  neutron  0.508443  -53.3673  18.9855  31.9027
398587  neutron  0.0939538  -36.9237  53.506  0.238012
398831  neutron  0.15916  28.9023  -28.1019  51.0024
399260  neutron  2.33551e+06  -18.9997  54.8796  -29.2155
400907  neutron  0.0571794  28.5228  21.4117  54.3534
402418  neutron  0.0220596  57.2299  -25.5086  -17.3306
402569  neutron  315895  12.169  -33.0944  -54.6166
402760  neutron  0.0184922  -61.8849  -2.84972  -19.7089
402873  neutron  2.82682e+06  -9.25768  63.9912  6.76152
404460  neutron  189962  -51.8219  22.5795  32.1084
404667  neutron  0.0599999  -55.8487  14.5876  -29.9069
404956  neutron  0.0505046  -7.31838  12.0719  63.4587
405127  neutron  0.106508  7.84131  -5.17853  -64.3273
405750  neutron  5.67924e+06  35.0663  26.2962  48.0121
406069  neutron  1.22898e+06  16.9352  -56.3225  27.6997
406517  neutron  0.0561583  -3.11811  18.0295  -62.382
407961  neutron  104408  51.925  34.0751  -19.2088
410429  neutron  0.0171958  52.9011  6.8521  37.1595
410885  neutron  5.59931e+06  -45.3416  37.1782  -28.0753
413233  neutron  0.0526535  46.9403  44.7589  -4.42145
413670  neutron  1.93805e+06  36.8411  -31.5009  -43.3212
414014  neutron  0.0025351  -15.049  61.0859  16.3811
414754  neutron  2.02758e+06  0.71392  23.5723  60.5817
415722  neutron  46298.5  14.2273  -62.3161  -11.8569
417289  neutron  213.716  -11.0137  16.3562  -61.9474
419083  neutron  0.066081  23.6941  19.9963  57.1405
419293  neutron  4.98525e+06  -20.2025  -60.4997  -12.5677
419337  neutron  6.66755e+06  35.975  -38.8864  -37.6822
420553  neutron  0.0289027  -36.1667  -36.3677  39.9457
420553  neutron  0.0366467  -43.17  -17.4428  45.3553
420553  neutron  0.0477082  -42.3572  -16.8633  46.3443
421448  neutron  3.06714e+06  -13.3678  -47.3951  42.4418
421455  neutron  0.036137  17.224  -11.2988  61.6601
421875  neutron  0.0549865  -64.0474  -6.34118  9.16645
422753  neutron  0.0162914  -62.1143  -19.1735  0.697234
422754  neutron  0.12922  -26.5266  -39.0221  44.7204
423655  neutron  0.0817099  -13.5936  62.926  9.04616
423846  neutron  6.3434e+06  -32.4885  -11.0902  -55.2069
424879  neutron  378041  5.98476  55.0178  34.1105
425833  neutron  2.92675e+06  20.6283  61.4277  5.23602
425860  neutron  0.362506  -14.1236  54.386  32.6953
428178  neutron  0.0552948  7.54027  -55.4825  -33.0323
429168  neutron  0.0191274  45.5077  -13.8001  44.3272
430645  neutron  0.0462226  44.985  -45.7343  -10.5367
431463  neutron  3.11031e+06  -47.1856  -39.9253  -20.1443
431482  neutron  3.64381e+06  -8.76291  -6.5259  64.0853
432532  neutron  0.0121261  54.3634  3.00246  -35.5233
433689  neutron  0.0443642  -64.3378  5.1045  7.80367
434601  neutron  922866  54.8114  -28.5904  -20.1148
435140  neutron  0.0119596  -51.1831  29.359  -27.2881
435423  neutron  2.44803e+06  25.6785  57.8451  14.8612
437464  neutron  3.82922e+06  -16.7971  6.81198  -62.432
438196  neutron  0.0383162  -43.7766  33.2925  -34.663
440191  neutron  245762  -25.3044  -30.7826  -51.3655
440417  neutron  2.72936e+06  -33.9024  23.2094  -50.3811
440629  neutron  3.37851e+06  -61.8071  14.9939  13.4674
441141  neutron  2.13258e+06  -27.4897  -48.3664  33.6348
441302  neutron  1.97433e+06  -16.919  -45.1191  -43.6384
445681  neutron  152000  -30.5764  33.0735  -46.8778
445978  neutron  0.0985785  31.4266  49.2431  -28.527
446560  neutron  1.76391e+06  53.8685  -4.7525  36.0819
446939  neutron  0.104441  -4.19321  56.9068  31.1501
447536  neutron  0.142576  -56.1381  -16.8029  -28.1509
450012  neutron  89.582  -33.1886  -49.8968  -25.2018
450349  neutron  1.68249e+06  23.0411  57.8811  -18.5792
450529  neutron  0.0762187  -10.5599  -62.6956  -13.5665
450708  neutron  877399  -13.4959  -4.16234  -63.4574
451173  neutron  0.0624954  10.2447  -48.2669  -42.3279
451466  neutron  0.062332  -60.9645  22.3073  3.46644
451922  neutron  555404  -12.4188  -63.1435  9.2178
452480  neutron  0.0567551  -27.6738  -8.73899  58.1729
452797  neutron  3.49706e+06  -41.7522  -44.6872  22.0478
453019  neutron  1.22032e+06  -34.1906  -55.261  -1.87788
453664  neutron  4.02808e+06  -35.0376  -48.917  24.6129
454730  neutron  5.84368e+06  27.6565  -53.468  -24.5477
456090  neutron  4.71566e+06  -5.48334  46.4152  -45.187
456623  neutron  1.65872  47.605  38.9575  21.0327
458410  neutron  5.93735e+06  -6.20293  -19.2119  -61.7958
458526  neutron  3.61083e+06  56.2603  29.803  -13.1477
459568  neutron  5.28614e+06  51.8039  -22.8263  31.9628
461669  neutron  11204.2  42.7466  -40.6356  -27.3455
461999  neutron  1818.38  5.80441  15.8993  62.768
463133  neutron  0.0455924  -9.90871  56.6385  -30.3347
464591  neutron  1.87961e+06  55.2669  -4.81695  33.892
464664  neutron  1.74972e+06  14.5248  -62.3872  -11.0981
466303  neutron  63.737  -6.14835  -1.75263  64.6949
466573  neutron  0.0240243  -48.2777  -29.8424  31.7017
466712  neutron  1.67817e+06  -30.7365  -45.6743  -34.575
467819  neutron  6.06199e+06  -22.0641  46.9399  39.1934
469528  neutron  6610.18  14.7652  13.0836  61.9444
469618  neutron  0.0628839  18.7306  33.1711  -52.6797
469857  neutron  0.0788988  51.1105  -35.2701  -19.2363
470114  neutron  0.0511778  46.7085  27.5667  -35.8426
472511  neutron  2065.99  60.1918  19.863  -14.4467
473567  neutron  0.0280662  35.5531  -54.4267  0.110096
476703  neutron  5.4207e+06  -54.9179  5.65639  -34.3268
476841  neutron  2.0922e+06  -46.8073  33.0949  30.6611
477239  neutron  0.0740423  -57.9748  -27.9691  9.10809
479328  neutron  0.0318473  -18.7518  -28.4735  55.3528
481749  neutron  0.104672  60.182  -24.4844  -2.22365
482253  neutron  3.233e+06  5.48798  45.8625  -45.7473
483219  neutron  67960.6  52.5977  32.4829  -20.1156
483326  neutron  3.102e+06  35.9131  50.8258  -18.796
484501  neutron  0.0388884  47.2613  -37.7973  23.7493
484533  neutron  307704  -37.7638  -13.386  51.1958
485142  neutron  1.23396e+06  -64.4632  -2.16018  8.13223
485520  neutron  1.59777e+06  26.9454  -54.8169  22.2565
485775  neutron  0.0361762  -57.4638  28.6052  10.2936
486548  neutron  0.102688  18.8127  -61.9216  6.17268
486615  neutron  1.8426e+06  60.3612  -22.4674  -8.83429
486912  neutron  1.62459e+06  -16.7902  61.135  14.3839
488174  neutron  2.35835  -20.3157  -34.8457  50.9838
488673  neutron  0.0638287  -64.8791  3.90083  -1.33788
488746  neutron  0.0941584  12.7739  -58.0391  -26.355
489231  neutron  127.613  13.9795  9.31849  62.8016
490773  neutron  1063.04  4.23874  -28.0055  58.5152
492594  neutron  5.77282e+06  52.0089  -37.8811  9.29497
496695  neutron  4.85993e+06  41.7557  48.9777  9.16199
497919  neutron  2806.01  -26.4108  26.0655  53.3794
499405  neutron  0.0604938  54.508  -27.3548  -22.5142
500023  neutron  0.0558008  47.8956  36.9087  23.8758
501837  neutron  770.676  9.86303  -18.5192  61.531
501888  neutron  0.0336554  -46.5842  -35.3655  28.3811
502004  neutron  2.04654e+06  30.7513  -31.4508  47.8697
502850  neutron  163364  -44.4206  1.90441  47.4287
503482  neutron  0.015896  41.9663  -26.8475  -41.7654
503915  neutron  0.0215474  -20.336  61.3732  6.78814
504156  neutron  138969  60.5219  21.4994  -10.0585
504329  neutron  0.244496  -57.0617  30.8343  4.41732
504692  neutron  56730  -29.8032  12.6312  56.3784
504899  neutron  239568  26.6317  23.5237  -54.4398
505472  neutron  4.41802e+06  -45.9357  25.2868  -38.429
505527  neutron  0.0962789  19.3156  61.0758  -11.0883
505599  neutron  3.03866e+06  -45.4184  -35.5221  -30.0274
505662  neutron  678995  29.855  -25.0392  52.0386
506024  neutron  2.74366e+06  15.5544  -42.1134  -47.0194
506109  neutron  6.30286e+06  8.18735  -45.7273  -45.4783
508873  neutron  759765  -34.2486  -35.6798  -42.1934
509401  neutron  0.112901  20.7172  2.17301  61.5823
510323  neutron  6.10697e+06  32.3184  17.0071  53.7827
510938  neutron  1.01359e+06  -14.0745  -46.6264  -43.0603
512128  neutron  244484  -61.2488  21.0707  -5.55981
512835  neutron  0.078265  -27.7313  24.2782  -53.5523
513436  neutron  568837  -23.7261  23.2961  55.8629
513980  neutron  0.577414  23.9544  13.7356  58.8542
514092  neutron  0.0267593  59.0566  0.855674  27.1641
516623  neutron  0.0726718  -11.4834  52.3667  36.7717
519869  neutron  48.8117  25.5795  -12.6934  -58.4026
520589  neutron  0.0432536  -38.4242  -1.48194  -52.4183
520831  neutron  2.44879e+06  10.5596  -52.3468  -37.0757
521108  neutron  2.47979e+06  -37.7516  -47.7592  -22.8074
521380  neutron  0.0612501  6.98037  16.5359  -62.4831
522107  neutron  2.78538  29.5937  51.3895  26.639
523729  neutron  0.0542339  -30.0244  -57.619  -2.21152
527076  neutron  6.12137e+06  58.9056  25.7469  -9.67074
529366  neutron  2.25606e+06  -16.9603  29.389  -55.4521
529891  neutron  821866  28.4997  25.5122  -52.5661
531083  neutron  0.166579  61.1773  21.9704  -0.972098
531144  neutron  0.00931084  1.32637  64.9352  2.82163
531144  neutron  0.0380888  -61.9014  6.77425  18.6366
531144  neutron  0.112405  -62.8869  4.89106  15.7356
531432  neutron  2.90936e+06  -49.0831  31.0211  -29.2376
537894  neutron  3.03969e+06  32.7782  38.7728  40.6024
539469  neutron  0.0117262  29.5333  -16.5492  55.4996
539887  neutron  3.48399  51.2299  3.60024  39.8602
539910  neutron  0.0428231  49.6257  -28.399  -30.9368
540690  neutron  738927  21.0166  -49.3353  -36.7508
541835  neutron  0.265535  -49.5177  24.4683  -34.2871
542581  neutron  2.57106e+06  26.2238  -38.2145  -45.588
543818  neutron  6.0074e+06  4.47191  53.8354  36.167
544112  neutron  2.02066e+06  -62.9921  -15.4412  4.45726
544307  neutron  0.0560625  22.0093  -4.73623  60.9874
544521  neutron  5.05346e+06  5.71717  -63.7394  -11.4411
544690  neutron  2.50988e+06  63.7689  -9.16502  8.70786
545068  neutron  5.86777e+06  -21.6446  39.1525  -47.1687
545933  neutron  1.2615e+06  -3.36069  50.9  -40.3013
547470  neutron  0.00957641  43.6417  30.52  -37.2858
547892  neutron  1.55781e+06  1.37521  18.5544  -62.2908
548506  neutron  1.06283e+06  -1.22427  -43.0032  48.7394
548547  neutron  6.33949e+06  -26.9523  -55.9599  -19.1929
549152  neutron  2.95812e+06  -52.2219  0.437311  -38.7167
552035  neutron  2.26312e+06  -51.0273  -37.5428  14.5965
552448  neutron  3.33735e+06  -49.782  -31.9836  -26.9276
553442  neutron  1.48866e+06  -33.8924  54.9995  7.25658
554995  neutron  0.0652814  62.5894  -16.1681  -6.88896
555194  neutron  0.0740998  -46.0073  -29.8766  -34.8857
555540  neutron  2.41201e+06  -60.1478  2.35329  -24.5562
555603  neutron  0.119992  27.2917  -42.0269  -41.415
557457  neutron  676812  -10.899  -1.67027  -64.0681
558197  neutron  0.0655157  -2.22762  20.3091  61.7161
558280  neutron  0.055212  25.9248  50.2063  32.1486
559882  neutron  0.0108696  -24.2349  47.1014  37.6885
559912  neutron  0.631912  47.9192  -42.0715  -12.6508
560251  neutron  1.65414e+06  -34.8926  -31.4104  -44.9688
561165  neutron  530153  6.00405  -12.4844  63.5169
562267  neutron  3.82001e+06  1.04006  -49.5651  42.0538
562331  neutron  1419.86  18.0382  0.937827  62.4503
563710  neutron  3.51822e+06  -38.605  0.239229  52.3058
567178  neutron  0.0540153  -64.031  -3.47461  10.6893
570555  neutron  0.017859  -55.3836  -31.9625  -11.7197
570924  neutron  107324  19.7868  59.8928  15.7364
572680  neutron  0.106978  44.9125  -13.1621  -45.1212
573739  neutron  756763  -19.3301  45.1677  -42.5738
573878  neutron  0.0676216  37.3468  -44.6386  -28.9639
574158  neutron  5.39888e+06  1.95751  36.5357  -53.7365
574356  neutron  461015  -45.7814  25.8387  -38.2457
574600  neutron  8.39013e+06  -0.554086  -51.6446  39.482
575522  neutron  0.0430688  -26.9584  -23.8236  54.1478
575712  neutron  1.71406e+06  64.1927  -5.02445  8.9638
575757  neutron  4.28875e+06  62.0036  -14.3357  -13.2793
576495  neutron  6.90175e+06  -20.2699  -5.52499  61.5216
576501  neutron  2.74767e+06  -21.1288  -60.9605  -7.98093
579097  neutron  2.01443e+06  18.3714  57.3832  24.4123
579659  neutron  0.124327  64.4191  5.92793  6.4292
579937  neutron  0.149733  -20.5024  24.8697  -56.4575
580939  neutron  1.88455e+06  -28.1653  33.1048  -48.3434
581629  neutron  1.97159e+06  -0.751381  63.4104  -14.3129
585282  neutron  7.64536e+06  -59.7736  -25.2953  -3.68297
587392  neutron  4.0774e+06  -19.1894  58.2947  21.4428
587429  neutron  0.048609  -46.168  -43.9134  -12.9008
587626  neutron  0.030828  29.9078  -5.45858  57.4633
588835  neutron  200110  52.0936  14.5627  36.0623
589214  neutron  2.15603e+06  12.9704  63.6296  3.0564
589245  neutron  1.8834e+06  -19.4875  -58.2384  21.3267
589642  neutron  0.0717433  13.7905  49.0169  -40.4162
589952  neutron  44628.3  59.7832  15.0294  20.6493
590271  neutron  77682.4  7.62227  31.0893  56.5832
591469  neutron  0.0677877  -48.7064  -41.9756  9.59362
592369  neutron  0.056263  64.9895  0.651472  -1.49865
593559  neutron  4631.74  10.2328  47.5091  43.1796
594174  neutron  0.117343  1.7157  -38.4332  52.4047
594227  neutron  0.0868869  64.5798  -6.58236  3.52405
594804  neutron  8.37255e+06  -6.45112  62.8382  -15.3638
596758  neutron  0.049994  17.6907  19.7676  -59.3513
597161  neutron  3.1337e+06  4.79865  -64.6133  5.32908
597764  neutron  0.0472313  -54.9482  -24.6025  -24.53
599582  neutron  6.85986e+06  30.3425  7.72853  -56.9728
600136  neutron  0.58414  -11.2849  62.8325  -12.2894
601179  neutron  0.0114431  52.494  -38.3181  1.5523
602584  neutron  1.70099e+06  -52.7222  36.1233  -11.9069
603435  neutron  0.0593146  16.7905  57.6398  24.9405
604166  neutron  7.50783e+06  -40.3787  50.3479  7.80671
604412  neutron  0.00824173  -21.9514  24.5133  -56.0672
606158  neutron  746.648  -2.1957  57.7037  29.8624
606263  neutron  0.121579  56.6588  -20.3312  -24.5505
606808  neutron  2.96442e+06  -56.1614  13.7752  -29.7059
607108  neutron  3.79228e+06  -19.9451  25.2414  -56.4922
607113  neutron  2.35694e+06  24.6312  -38.0288  -46.6199
607186  neutron  477766  -15.5752  -23.934  58.4027
609164  neutron  0.0772345  5.98161  57.9892  28.7711
609862  neutron  1.81738e+06  14.4223  -39.2625  -49.767
611210  neutron  0.0258107  -49.8617  -41.707  0.802884
611615  neutron  3.54665e+06  -21.7292  -49.6431  35.9124
614456  neutron  0.0509606  -40.6493  45.9583  21.4887
615526  neutron  61.7609  -42.2768  48.5014  -9.30504
616165  neutron  2.557e+06  25.4324  -47.0776  36.9214
616536  neutron  1.06342e+06  -46.011  -39.9817  -22.5998
616750  neutron  884.074  56.7742  -28.7538  13.2745
617350  neutron  2.77491e+06  34.4153  46.0486  30.3548
622028  neutron  0.0770817  -49.2098  42.3206  -3.69618
622813  neutron  2.22552e+06  -34.9928  42.6121  34.4385
623118  neutron  637174  -33.5161  -32.3937  45.3168
623981  neutron  2.20234e+06  9.84525  58.476  26.6445
625525  neutron  3.95063e+06  -42.325  -49.191  -3.89012
625814  neutron  0.0433469  -18.1208  24.5141  -57.4195
626291  neutron  0.0688492  -4.7305  -50.0861  41.1741
626616  neutron  0.117814  -15.9128  37.3331  -50.787
627743  neutron  18.1777  61.8676  -14.1026  -14.1359
629417  neutron  0.0874245  62.6343  -8.04557  15.444
630358  neutron  0.0127654  -38.7383  29.4443  43.1123
630526  neutron  0.0335361  13.4797  30.0104  56.0711
631472  neutron  0.016025  -9.65752  -12.9874  62.9632
631532  neutron  0.0303304  -60.9043  20.8254  9.12545
633231  neutron  0.000712475  -32.1016  8.66925  -55.8626
634124  neutron  0.0482426  46.1102  -0.996237  45.8165
634321  neutron  0.012281  -2.31118  -58.9414  -27.3289
634985  neutron  0.00738771  37.3872  22.1461  48.3534
635633  neutron  2.44965e+06  -27.0407  -32.1922  49.5859
636859  neutron  0.063439  -23.1863  -58.2259  -17.2756
638777  neutron  0.0923677  -17.747  23.8515  57.8139
639667  neutron  0.120683  50.4867  -16.5177  -37.4774
640402  neutron  1.11185e+06  7.40532  -47.9539  -43.2652
640802  neutron  0.219217  20.4801  -42.1059  45.0995
642692  neutron  2.2423  42.3499  -39.5285  29.5006
642715  neutron  0.0224464  62.9775  -15.3051  -5.08855
643142  neutron  0.0556181  -16.1628  -47.9629  40.7998
643752  neutron  6.13786e+06  -19.0957  -60.8581  12.5675
644773  neutron  1.989e+06  -48.8018  3.27685  42.8246
644898  neutron  0.0120868  51.4227  -27.7818  28.4637
645481  neutron  0.010994  -45.6969  -42.7365  -17.6546
645641  neutron  1.80217e+06  -50.8582  -11.0176  38.9661
646101  neutron  0.032453  37.2891  40.2742  34.8399
647996  neutron  851.947  34.8682  36.6823  -40.8034
649718  neutron  2.06937e+06  -18.1825  27.2808  56.1378
650638  neutron  4.09718e+06  -37.5188  30.7935  43.2481
651568  neutron  0.0504498  -56.5712  8.74383  -30.8146
652502  neutron  4.65887e+06  54.9953  31.0135  15.4913
653681  neutron  0.0393107  22.5561  53.4334  29.3665
654566  neutron  46976.3  -15.3849  59.0281  -22.4786
655326  neutron  3.252e+06  -13.5432  63.5709  -1.27595
655490  neutron  4.91149e+06  3.00744  50.8722  -40.3643
655779  neutron  0.117077  -37.8266  -51.3507  12.5921
655805  neutron  4.93297e+06  44.4244  -6.19712  -47.0571
656776  neutron  578284  21.578  -2.54689  61.2715
658757  neutron  0.073069  24.2828  -28.5477  53.1194
658827  neutron  0.142821  -37.2259  53.0559  -5.05979
658929  neutron  15873.3  13.4473  63.1183  7.84509
659507  neutron  871.348  -14.5884  -44.4667  45.1242
659910  neutron  4.15776e+06  34.6607  -51.8692  -18.29
665194  neutron  0.0281401  -57.4364  -13.9078  -27.0913
665372  neutron  0.036707  -15.866  -40.9366  -47.9454
665409  neutron  588147  22.2329  53.6404  29.2353
666776  neutron  0.181774  -33.3204  0.615642  55.8182
667438  neutron  64616.6  -38.5017  19.3445  -48.6797
667511  neutron  0.0208287  49.8445  30.5515  -28.4329
668050  neutron  6.32043e+06  40.7896  -47.6124  -17.1923
669271  neutron  0.00357204  26.5758  51.8477  28.8418
670660  neutron  0.0543797  -31.7662  -44.2327  -35.5061
671548  neutron  0.106985  -5.06988  13.2412  63.445
671640  neutron  0.0823466  -39.0502  37.6417  35.8397
674819  neutron  3.90554e+06  12.6321  -42.1415  -47.8625
675439  neutron  4.5212e+06  -1.05694  57.7842  29.7685
676084  neutron  8.89503e+06  4.13832  -3.61439  64.7774
678473  neutron  0.0679382  22.0542  12.6817  59.8255
678786  neutron  0.0556598  34.5486  48.6879  -25.733
679172  neutron  0.0412305  -55.0123  -11.6612  32.6185
680216  neutron  3194.23  58.7894  24.4923  13.0473
680542  neutron  0.0488113  -23.4717  -56.5103  -21.9537
680681  neutron  254269  -16.5813  35.219  -52.0671
681383  neutron  3542.44  -2.42861  -13.3908  63.5696
682659  neutron  358.596  20.4204  10.0815  -60.8906
683163  neutron  0.0850418  -32.1515  -56.4774  1.69751
683621  neutron  792507  25.6879  22.5502  -55.2985
685792  neutron  0.00927321  -16.6958  -49.807  38.299
687170  neutron  288648  18.6236  33.5156  -52.4992
688020  neutron  0.0135582  17.9061  -25.7036  -56.9649
689335  neutron  3.47552e+06  44.4277  35.0091  32.0444
690269  neutron  5.33607e+06  -64.2212  9.66966  -2.90518
690525  neutron  0.102515  -58.161  24.9602  -14.8522
693833  neutron  4.02405  -64.1105  2.50802  10.481
695544  neutron  0.0612999  -13.5946  54.1962  33.2304
696019  neutron  5.89388e+06  -55.398  -33.9972  -1.2441
696330  neutron  0.036468  -47.7614  23.4278  -37.367
696795  neutron  0.0418  56.2689  -31.6427  7.67158
697132  neutron  6.60815e+06  5.5656  -13.6876  63.3086
699855  neutron  0.104581  -22.2408  34.3933  50.4851
700669  neutron  1.24024e+06  -31.953  55.6513  10.4036
700809  neutron  0.0793141  36.9948  -4.30166  -53.284
700809  neutron  0.069092  28.3713  -4.78688  -58.2851
700862  neutron  0.177787  -1.47189  -24.5139  60.193
701347  neutron  2.93832e+06  45.4017  -39.7065  -24.2566
701639  neutron  167292  16.5566  43.2595  45.6157
701665  neutron  2.96049e+06  42.4997  3.62127  -49.0608
704144  neutron  980403  16.5599  -3.50177  -62.7679
704488  neutron  0.0387114  10.1629  32.1654  55.5734
705035  neutron  0.0535005  -22.0183  -14.0727  -59.5269
708679  neutron  1.25512e+06  40.849  9.26885  49.7166
708689  neutron  4.76517e+06  6.5777  59.322  25.7669
708969  neutron  3.22133e+06  40.4919  9.82772  -49.9011
709971  neutron  0.0599414  -9.85614  -48.5075  -42.1447
713303  neutron  0.026372  -11.717  -2.31323  63.9035
713692  neutron  2.70407e+06  54.698  -34.9549  3.5467
714039  neutron  0.0315365  58.4123  19.9842  -20.3699
714844  neutron  2.44586e+06  47.7553  -34.1319  27.9417
715344  neutron  3.71837e+06  -47.6457  -34.7355  27.3795
715544  neutron  0.0492139  62.3045  -2.08801  18.4414
715958  neutron  87.4971  45.5287  -40.3811  -22.8649
716922  neutron  3.9448e+06  -37.967  50.1449  16.4408
717498  neutron  0.0680939  41.6958  7.78069  -49.2669
718436  neutron  6.03673e+06  51.1559  27.0386  29.636
718611  neutron  0.054153  -52.9976  26.4513  -26.7933
721046  neutron  1.49979e+06  58.3237  2.06131  -28.6427
721616  neutron  4.48465  7.70729  56.552  -31.1251
722306  neutron  3.16596e+06  33.5359  3.13421  55.6041
722318  neutron  4660.58  -27.2521  8.89862  -58.3476
722383  neutron  0.11264  18.2774  -36.9581  -50.2626
724094  neutron  0.00575608  3.4786  -28.6455  58.2549
724424  neutron  2.24885e+06  25.2651  23.5955  -55.0566
725065  neutron  0.0574963  -1.44028  27.1471  -59.053
725674  neutron  80203.2  3.26677  -28.421  58.377
725700  neutron  2.28141e+06  -8.03154  28.5349  -57.8581
726277  neutron  0.0772027  -17.304  52.5588  34.124
727504  neutron  81095.9  -46.2711  -1.68956  45.6336
728165  neutron  2.36058e+06  -39.3802  -51.7118  1.17922
731801  neutron  0.0164831  23.8205  -38.7607  46.4381
732297  neutron  4.105e+06  -40.6936  38.6414  32.8203
732492  neutron  0.0575617  -27.5064  -17.4293  -56.2665
733590  neutron  7.56691e+06  -42.8855  48.5094  -5.82808
734406  neutron  0.159948  -25.5544  -41.1078  43.3984
734842  neutron  6.21911e+06  57.2719  -30.4381  -4.44424
735832  neutron  0.0134146  -52.9802  28.9917  24.06
736628  neutron  0.0273782  46.6995  -26.0503  36.9708
736732  neutron  3.75853e+06  -33.5636  50.3362  23.7918
737349  neutron  49165  38.8326  51.862  -5.35433
737608  neutron  4.00295e+06  30.9107  7.16017  56.7412
738997  neutron  0.0223253  4.24725  -57.8506  -29.3524
739197  neutron  2.23953e+06  58.0353  29.2616  1.39981
741494  neutron  749320  -18.3841  -59.6092  -18.305
742138  neutron  1.27801e+06  -2.59346  36.0384  54.0445
742784  neutron  0.0421742  -59.9571  13.4737  -21.2109
746176  neutron  3.68798e+06  48.5335  41.397  12.5332
746455  neutron  4.92558e+06  -7.54682  63.7389  -10.3296
747091  neutron  1.92827e+06  25.8691  -17.5375  -57.0046
747739  neutron  1.59252e+06  -55.3636  30.1884  -15.8061
750255  neutron  2.87489e+06  -45.02  20.4586  -42.2012
750737  neutron  1.18517e+06  23.1892  46.355  -39.24
750819  neutron  1.85233e+06  5.6981  -64.0357  9.65687
751297  neutron  3.04676e+06  -21.6674  -32.2437  -52.1265
752736  neutron  0.0434311  -38.6867  35.8443  38.0109
753164  neutron  1.44754e+06  51.3794  -28.9068  27.4018
753608  neutron  2.377e+06  63.8064  2.9298  -12.1022
754450  neutron  2.23838e+06  -44.614  31.8637  -34.937
754787  neutron  4.77058e+06  -54.912  20.4173  28.1799
757646  neutron  1.58659e+06  36.0569  28.9562  45.6917
758261  neutron  0.0732643  -18.191  -4.58971  62.2441
758607  neutron  0.0759591  -52.7025  2.90973  -37.951
759341  neutron  0.0345802  -42.8683  -7.59564  -48.2795
761889  neutron  3.69437e+06  50.615  16.9742  37.0985
762860  neutron  5161.33  -64.5365  5.61532  -5.45993
764876  neutron  0.134908  24.5775  -49.0264  34.9093
765383  neutron  0.0446813  61.6396  10.7003  -17.674
765902  neutron  0.0837425  -63.9522  7.01478  -9.33891
766488  neutron  495026  50.6644  -40.6571  -2.53425
766928  neutron  0.0473134  -22.4325  46.0554  -40.0247
767098  neutron  0.00634827  14.213  -29.2435  56.2948
768596  neutron  6.22558e+06  -21.7333  13.4285  59.7799
768953  neutron  0.0282379  -46.519  -12.7576  43.5835
769186  neutron  0.297033  -39.2339  -45.3745  25.0629
769981  neutron  0.123212  -62.2318  -14.0992  -12.4385
770180  neutron  0.104769  -10.8066  35.3017  53.5099
770421  neutron  3277.52  -35.7172  35.3587  41.2352
770807  neutron  0.0143745  -63.3047  9.44005  -11.3885
770882  neutron  3.32272  64.2025  6.71071  7.70139
771560  neutron  0.0208248  -64.3545  -8.98232  -2.02992
772138  neutron  6867.41  -47.1688  -22.1971  -38.8419
773533  neutron  0.137132  16.476  -34.5312  52.5589
775724  neutron  2.43946e+06  -50.8402  5.30851  40.1671
776823  neutron  0.0516818  -54.3036  34.281  -10.1108
779051  neutron  0.0307391  -54.3883  -8.0952  34.6796
780593  neutron  0.0271168  -17.5244  -60.0018  17.8598
781071  neutron  5.72225e+06  12.0717  -23.6901  59.3241
781385  neutron  0.035992  -57.3996  -28.2769  -11.4894
782295  neutron  2.49094e+06  35.1483  24.443  -48.9228
783384  neutron  3.09521e+06  17.665  29.6647  55.084
785503  neutron  1.84054e+06  -35.9743  53.9581  -4.54686
786448  neutron  1.78021e+06  -24.4755  -59.4493  -9.64556
787025  neutron  4.87949e+06  -32.3452  -48.501  28.7706
789761  neutron  0.019809  8.57579  -18.358  -61.7717
791115  neutron  0.0537476  -52.0122  -8.3148  -38.1038
791264  neutron  0.00909381  57.5717  -18.3822  23.9561
791988  neutron  1243.38  -6.32693  -6.88315  -64.3342
792699  neutron  1.52811e+06  -37.365  -50.0303  18.0866
793371  neutron  4.06782e+06  33.2019  28.2332  48.2371
793784  neutron  4.05733e+06  35.1989  -54.656  -0.239151
796783  neutron  0.0935449  50.8649  38.7737  -11.6473
797058  neutron  2.04312e+06  -47.2531  37.2092  -24.6764
797775  neutron  224992  -30.8025  -55.6269  -13.5335
798449  neutron  4.67874e+06  21.6201  35.1928  50.203
799006  neutron  0.0128151  -40.7168  45.468  22.3852
799745  neutron  4.07452e+06  -3.40219  31.6446  -56.6864
799894  neutron  53897.4  5.19677  63.922  10.6426
800331  neutron  0.0431621  -29.2394  -43.0975  -38.9097
800608  neutron  1.47758e+06  43.5437  23.6646  -42.0741
800910  neutron  2.99505e+06  -52.8911  36.5619  9.59503
802778  neutron  0.114736  -0.856854  62.1486  19.0557
802927  neutron  0.0478627  -13.6448  -28.6596  56.734
803431  neutron  483895  -18.7868  54.174  -30.6354
805399  neutron  235597  56.809  11.6625  -29.3773
807500  neutron  0.049472  62.9429  3.94048  -15.7788
808776  neutron  0.384989  -41.9103  -49.6582  1.97381
809599  neutron  0.0219297  52.017  38.8933  -2.80004
811371  neutron  5.9647e+06  -30.6944  -27.003  50.5469
811639  neutron  0.0630451  10.5554  60.6024  -21.0293
812006  neutron  0.0280266  -45.6681  -46.0385  -4.60254
814418  neutron  0.0212995  -10.4708  -11.6295  63.0985
816951  neutron  4.24212e+06  20.9517  -10.7409  -60.5967
817994  neutron  1.15824e+06  -48.9399  -31.6608  28.7885
818629  neutron  0.0108636  12.2468  -6.81478  63.4813
818926  neutron  2.97402e+06  18.2487  -49.7774  -37.6231
818996  neutron  4.30046e+06  -8.65793  -13.2936  63.0446
819306  neutron  2.24634e+06  48.6074  22.6827  36.7302
819956  neutron  243109  8.25819  -52.1959  37.8642
820227  neutron  4.00443e+06  23.4029  40.7615  -44.9122
820295  neutron  5.33466e+06  59.6567  11.2665  23.2476
820319  neutron  13104  -15.3291  -52.1025  -35.7303
820855  neutron  14736.9  34.1739  5.05622  -55.0716
821547  neutron  1.82619e+06  -43.6393  5.0378  -47.9222
824126  neutron  341408  -1.28501  9.85577  64.2457
824772  neutron  0.0270452  36.6966  -3.82209  -53.5262
824835  neutron  2.48084  54.3042  -14.386  32.7168
827299  neutron  2.3918e+06  -13.6781  -58.0852  -25.7938
828739  neutron  1.5441e+06  -64.6634  -3.36331  -5.79962
831028  neutron  0.10793  63.299  -0.0294264  -14.8165
831623  neutron  4.58033  15.2522  -58.4447  -24.0393
832058  neutron  0.0199783  -16.6298  -61.7687  -11.5922
832923  neutron  0.0528308  -8.35803  -64.4684  0.523146
833194  neutron  61790.4  -25.7447  29.7222  51.7697
835117  neutron  0.0234006  14.6483  -62.4983  10.2809
835151  neutron  11281.4  -59.8382  -23.8061  8.88606
835162  neutron  5.65658e+06  -35.4645  31.81  44.2345
836297  neutron  291540  21.2982  -36.3589  -49.5048
836308  neutron  0.0635598  -0.0633995  -30.1898  -57.5749
837287  neutron  0.046192  64.4967  7.99179  1.61463
837963  neutron  282275  3.16047  -64.3032  -9.02276
842389  neutron  0.0636084  39.3484  45.21  25.1805
842885  neutron  3.11388e+06  45.3223  32.5009  33.4048
843101  neutron  4.4617e+06  40.9027  9.16434  -49.6919
844335  neutron  4.17445e+06  -27.6864  -19.6711  -55.433
844458  neutron  169384  -25.9268  58.6415  10.7365
846403  neutron  424.306  -3.76531  37.7142  -52.8182
846476  neutron  1.86433e+06  -56.1247  31.8507  -7.86423
847264  neutron  1.03373e+06  -29.9278  -6.87053  57.3011
847569  neutron  4.78154e+06  -10.4833  63.1822  -11.1538
848410  neutron  0.0125344  -13.5072  -58.2508  -25.5087
849702  neutron  4.86003e+06  63.8556  -11.8734  2.78909
849744  neutron  0.0183455  -47.6659  19.2601  39.7908
852599  neutron  4.7295e+06  9.27075  33.4536  54.9655
852801  neutron  835738  9.87658  -63.2914  11.0883
855882  neutron  8.79816e+06  54.6661  -26.2806  23.3934
855958  neutron  5.68039e+06  47.3535  31.1475  31.8398
858511  neutron  2.54778e+06  -22.7079  51.3704  32.7373
862224  neutron  0.112518  -42.6302  -44.1255  21.4921
862465  neutron  4.68931e+06  30.97  -45.0715  35.1528
862587  neutron  0.0902655  -6.93294  -47.2482  -44.1118
863967  neutron  0.0367781  -61.0566  1.22663  22.291
864206  neutron  2.48842e+06  14.2868  61.6866  14.7294
864215  neutron  0.0391643  18.3445  28.4163  55.5184
865153  neutron  0.0466214  -36.4677  -8.32368  -53.1707
867463  neutron  0.0535927  -62.6079  -11.9939  12.7551
867628  neutron  2.658e+06  12.2015  -1.23338  -63.8428
868421  neutron  1.45023e+06  -56.2447  -32.5931  -0.719014
869168  neutron  1.26158e+06  -6.61739  -48.5052  -42.7756
869999  neutron  1.27848e+06  21.8338  56.9481  -22.5056
871984  neutron  3.7631e+06  -62.6104  10.8659  13.7176
874442  neutron  136995  24.5627  -2.15796  -60.1524
875099  neutron  3.33377e+06  10.4865  55.1794  -32.7348
875988  neutron  0.0214492  3.69337  -39.9035  51.1895
876146  neutron  6.49905e+06  -51.3056  -14.9259  -37.0304
876906  neutron  1.66538e+06  -8.49509  -28.4515  57.8329
878520  neutron  319.643  -28.5347  -37.9727  -44.3863
879325  neutron  0.0559446  -23.2511  51.6376  31.9256
879856  neutron  84.0003  -30.7082  30.3617  -48.595
880228  neutron  0.0947189  -28.9302  -50.5443  -28.8897
880860  neutron  2.63429e+06  10.1291  -39.0643  50.9675
881759  neutron  0.020761  18.4354  6.04628  62.0474
883107  neutron  10466.9  -60.8827  -20.3146  -10.3398
884425  neutron  1.74725  -60.7528  23.1112  1.12628
886253  neutron  0.0507755  -40.096  5.44662  50.8817
886609  neutron  721716  8.94038  22.6838  60.2645
887429  neutron  0.125109  15.2069  -11.1411  -62.2168
887499  neutron  681491  -29.2962  -45.441  36.0991
889091  neutron  3.88475e+06  -25.8391  57.6757  15.2367
889409  neutron  0.0111925  4.84332  -33.7847  55.3303
892510  neutron  280640  33.3892  46.5713  -30.7013
892515  neutron  874225  -7.10501  -45.5667  45.8202
894070  neutron  86774.3  26.0528  39.0009  -45.0165
899921  neutron  15990.1  -53.8024  -33.2379  15.0614
902508  neutron  439084  -27.8735  -39.6566  -43.3211
902536  neutron  0.0321871  -59.9261  8.78751  -23.6207
905034  neutron  2.8549e+06  -11.8801  -63.6446  -5.87632
905156  neutron  553517  -8.49579  -31.5425  56.2067
905400  neutron  7.42103e+06  -1.00216  64.9718  -1.9894
907928  neutron  1.58913e+06  28.3825  -30.2092  50.0813
910850  neutron  0.0148996  -5.21344  11.1029  -63.8423
910989  neutron  6.40682e+06  3.63502  -15.6688  -62.9887
911512  neutron  2.85404e+06  -17.7363  -58.1839  22.9426
911927  neutron  7.35186e+06  43.8328  -36.8412  -30.7849
912022  neutron  3.1223e+06  -15.304  60.8805  16.9013
912609  neutron  0.0380815  -10.5551  50.3436  -39.7544
913040  neutron  0.130467  62.8612  4.51205  -15.9502
914837  neutron  2.01713e+06  26.6084  -58.3126  10.8597
915070  neutron  6.28e+06  45.7425  -38.0824  -26.1469
915916  neutron  59228.1  22.6399  34.4583  -50.2629
917300  neutron  0.0785919  36.5969  2.18044  -53.6862
918535  neutron  4.60177e+06  -63.9682  5.02315  10.4471
920213  neutron  0.0118547  57.3904  -14.1839  27.0456
922431  neutron  2830.77  -32.3293  0.497999  -56.3992
922722  neutron  0.0715634  -56.2464  -6.17847  -32.0073
922936  neutron  1.93221e+06  40.9525  -40.7217  -29.8485
923290  neutron  7.38005e+06  -45.2193  -30.1117  -35.7043
923457  neutron  0.0848894  -34.2735  10.1437  54.3022
923584  neutron  6.31649e+06  44.9073  -7.47556  46.4085
923858  neutron  0.0346876  -62.9436  14.3101  -7.72187
925137  neutron  232.217  16.5805  -14.9945  -61.0455
925706  neutron  8.25089e+06  62.324  -9.92058  -15.6076
925792  neutron  1.23883e+06  -18.4406  16.4748  60.1234
925878  neutron  0.00993066  30.5728  -52.87  22.2792
927927  neutron  3.41465e+06  -44.6997  46.1623  -9.86309
928195  neutron  317.606  29.6457  -18.5836  -54.7913
928219  neutron  0.0942688  -10.1877  -45.5783  -45.2231
929309  neutron  0.176197  -37.5101  -32.4542  -42.0241
930115  neutron  5.87871e+06  25.5679  57.2974  17.0174
931226  neutron  0.0708868  -21.1332  -43.1937  -43.7492
935103  neutron  5.05367e+06  -47.4728  38.9665  -21.313
936358  neutron  11102.7  -13.8603  -52.6487  35.529
936474  neutron  4.72732e+06  50.4283  -41.0257  0.419125
937596  neutron  826100  50.5317  14.0024  38.4289
939185  neutron  5.44471e+06  14.9869  61.4513  -15.0144
939958  neutron  2.27656e+06  33.9032  -54.4392  -10.6416
940964  neutron  3.79604e+06  -47.4248  15.1601  -41.8015
943537  neutron  0.0363686  47.794  8.65326  43.2106
943888  neutron  555033  -17.1954  -19.2766  59.6576
943982  neutron  2.00617e+06  -50.2082  -30.5682  27.7673
944089  neutron  310669  3.34297  54.8362  -34.758
944120  neutron  0.233274  10.8261  -12.863  62.7984
944266  neutron  0.505724  -23.7996  -50.0199  -34.0277
944319  neutron  0.0304016  -25.1412  14.2592  -58.2314
944627  neutron  0.0916491  -3.13115  -1.38174  64.9198
946991  neutron  2.75738e+06  -42.5079  -25.2471  -42.2133
947468  neutron  0.101592  52.2041  -14.963  -35.7371
948188  neutron  358.869  63.8197  6.37608  10.6157
952901  neutron  2.59079e+06  40.4841  -48.112  16.5099
952924  neutron  25.3024  20.9005  -7.38074  61.1146
954638  neutron  5.17039e+06  21.6805  -37.2813  -48.6452
956930  neutron  0.0114875  -0.097852  -10.6682  -64.1286
957327  neutron  0.0250354  31.2334  53.4606  19.8178
957491  neutron  5.59055e+06  -19.7452  -58.133  -21.3771
959612  neutron  1.37196e+06  42.4282  48.6154  -7.91818
963071  neutron  0.0580276  -35.4785  25.1187  48.3387
964235  neutron  0.00970772  -29.4881  33.3448  47.3801
965448  neutron  0.0681093  -42.8095  24.0415  42.6105
966909  neutron  0.050818  38.6284  24.1083  46.3997
967424  neutron  0.0543222  27.1179  -1.08625  -59.074
968453  neutron  813849  -8.70224  32.9994  -55.3318
969932  neutron  1.89324e+06  58.3016  -24.776  14.6074
970700  neutron  0.0516014  21.5064  26.7024  -55.2337
971201  neutron  0.0120273  -57.05  -2.86809  -31.0382
972795  neutron  3.49924e+06  -34.3928  -51.3661  -20.1235
976000  neutron  133.932  -30.8856  -57.1983  -0.852743
976706  neutron  6.54551e+06  -10.0268  -45.2796  -45.5579
976709  neutron  4.81122e+06  26.9404  58.1033  -11.1592
977341  neutron  0.0168338  -29.4654  3.83938  -57.8217
977743  neutron  0.721963  -29.3348  54.7486  -19.1927
979141  neutron  415568  33.8409  24.901  49.6088
979608  neutron  4.31678e+06  -15.1844  60.4048  18.6278
979823  neutron  1.01331  -6.27589  42.9117  -48.4304
980124  neutron  142749  6.0172  8.30888  64.1955
980407  neutron  0.0417501  -32.2873  -56.1639  5.42648
982102  neutron  29038  54.3272  -6.03203  -35.192
982365  neutron  2.52655e+06  33.343  50.413  23.939
982896  neutron  0.0977755  -6.7888  -1.64076  -64.6337
983086  neutron  1.07818e+06  22.7267  52.3226  31.1791
984783  neutron  0.0089284  -30.6102  23.8917  -52.1393
985256  neutron  2.35713e+06  23.1655  38.0317  47.363
985926  neutron  745786  -49.6939  30.1369  -29.1304
985944  neutron  1.51579e+06  -33.6106  51.4775  -21.1352
986297  neutron  0.00711623  -50.9192  7.39121  39.7354
986553  neutron  195206  37.1634  53.2465  -3.16132
987079  neutron  0.0692718  -49.4003  -16.8832  38.741
988688  neutron  0.0322517  24.7598  56.4497  20.6563
988865  neutron  3.40142e+06  1.5212  -62.9667  16.0989
990207  neutron  3.15784e+06  4.17395  18.8384  62.0805
990296  neutron  0.076358  -39.6074  42.8607  28.6447
990729  neutron  0.0122404  24.0644  55.6311  -23.503
994037  neutron  1.18739e+06  -49.9672  26.9132  31.7058
994679  neutron  347229  58.9715  21.0809  17.443
996667  neutron  0.0326625  30.2559  -25.296  51.6817
997145  neutron  6.38747e+06  -62.3651  10.0185  -15.3795
998587  neutron  126309  -27.7511  43.5333  -39.5098
999205  neutron  0.0354948  -54.9033  6.45202  -34.2096
999978  neutron  2.33437e+06  -51.1746  21.2825  -33.9783
