17097  neutron  78.4083  86.7863  -35.2727  -15.8388
20141  neutron  0.0313183  40.326  -85.9905  -2.51871
104465  neutron  0.0943726  -21.4855  -52.6669  -76.1017
104672  neutron  0.0611806  -49.9159  10.6248  -80.14
109144  neutron  7.62119e+06  -36.0261  -39.7688  -78.4058
152143  neutron  980554  24.3382  66.7839  63.0434
171633  neutron  2.34262e+06  -52.7274  -34.9366  -70.8954
223232  neutron  2.38473e+06  -87.345  -33.7864  16.0071
246670  neutron  0.0470769  38.9365  -22.3563  -83.732
253660  neutron  1.86323e+06  36.2684  -51.4278  -71.1807
254986  neutron  1.93381e+06  -17.6478  -29.2571  -88.6537
297900  neutron  6.75592e+06  17.8086  -72.964  -58.1894
317425  neutron  537475  0.467746  -56.3146  76.5203
325120  neutron  0.300856  -29.0083  -54.096  -72.5192
342400  neutron  0.428432  10.4389  80.7579  48.9499
404731  neutron  2.97282e+06  93.8603  -12.9216  -7.08354
432780  neutron  3.01654e+06  -19.4586  -51.5797  77.3809
538330  neutron  1.46676e+06  70.4162  -7.15082  -63.3824
601643  neutron  0.0150407  -92.4929  -9.8636  19.3565
625068  neutron  0.124989  71.9976  52.6906  32.6641
680260  neutron  0.0162511  55.2024  -77.3034  1.94118
704403  neutron  0.0402756  -13.2419  51.2676  78.8872
712708  neutron  49.6461  60.6036  23.8792  69.1657
726470  neutron  5.05851e+06  73.837  -12.5085  -58.4682
770366  neutron  0.131641  -72.6172  -46.4349  39.968
776852  neutron  4.05689e+06  -49.8509  10.0686  80.2522
784317  neutron  3.5383e+06  -62.4236  -10.5469  70.8446
789161  neutron  12.7564  -26.3362  -19.7197  -89.1316
789408  neutron  2.35946e+06  -90.391  -26.0805  -13.2729
906278  neutron  0.0580551  -44.5045  -22.8072  -80.7842
954264  neutron  0.16259  -89.9033  -20.6272  22.7775
