4312  neutron  0.324814  49.5682  -20.9008  -52.2748
18173  neutron  39.1932  -31.2256  35.4418  -58.2695
19798  neutron  4.75919e+06  28.8274  45.4847  52.2171
20588  neutron  3.42421e+06  -35.366  -42.498  -50.6919
23599  neutron  1.92365e+06  -55.1576  29.4779  41.4148
25903  neutron  1.84045e+06  64.5354  7.4365  -37.5017
27618  neutron  6.6883e+06  49.3085  -50.5971  -25.2012
31207  neutron  0.914878  60.0318  -40.4898  19.5771
33482  neutron  3.55769e+06  -6.8347  34.0266  -66.498
39988  neutron  3.94916e+06  -73.5326  -4.42899  -14.1364
40461  neutron  3631.4  -10.2243  6.64833  -74.0119
51033  neutron  1.20215  47.3792  -58.1077  -2.28174
69577  neutron  190089  -36.418  -65.5507  1.8243
78504  neutron  2.57053e+06  6.83322  -46.239  58.6666
82443  neutron  4.68584e+06  21.0597  -71.5393  8.06951
85130  neutron  5.19098e+06  -34.108  -56.4312  -35.7584
91129  neutron  1.57395e+06  -40.7985  -59.4503  -20.6794
93002  neutron  2.80308e+06  -27.0003  -5.95277  -69.7284
99485  neutron  110748  4.9071  73.9082  11.832
114516  neutron  3.1103e+06  -70.3375  9.61281  -24.2224
119430  neutron  440556  18.8503  -25.9623  -67.8021
121305  neutron  1.5718e+06  -24.8639  -23.9923  -66.5782
122540  neutron  33.0802  5.89194  62.2964  41.3636
124561  neutron  5.98789e+06  54.15  -50.4283  -12.2991
126482  neutron  1.77979e+06  61.9078  -4.75165  -42.0874
131748  neutron  3.16943e+06  3.08598  32.4968  67.5347
141613  neutron  2.13767e+06  68.7145  -14.163  26.5372
143779  neutron  575631  61.9576  27.0342  -32.5101
147167  neutron  1.56216e+06  -52.0948  49.1951  -22.1917
148752  neutron  213122  7.87651  38.7877  -63.7179
161262  neutron  1129.26  19.4985  25.04  67.9655
164314  neutron  10274.8  36.9815  -61.133  22.8391
177313  neutron  1.4892e+06  24.5933  62.115  34.1087
194768  neutron  29.4956  65.5009  35.0346  -10.4261
197053  neutron  4.77552e+06  -10.1389  61.3262  41.9856
202323  neutron  3.33404e+06  -45.9649  50.2012  -31.521
210615  neutron  699331  62.2782  -0.163932  -41.8078
216285  neutron  397132  65.6198  33.8289  13.2722
217791  neutron  1.74162e+06  -18.259  -3.34409  72.6769
220771  neutron  2.43003e+06  48.9475  15.8111  -54.5953
227839  neutron  7.98808  22.2492  -70.0381  -15.0377
230477  neutron  2.04618  -62.5879  -2.638  -41.2589
238296  neutron  1.55926e+06  44.5223  27.3994  53.7916
241378  neutron  2.16638e+06  -37.9032  -63.6408  -11.8192
246174  neutron  16953.4  -24.9983  9.52526  -70.0775
247260  neutron  4.47407e+06  -21.0885  60.5445  38.9376
248769  neutron  6.22999e+06  71.1521  5.50666  23.0988
251171  neutron  5.23096e+06  68.9626  3.28781  29.3233
261168  neutron  495439  -10.6456  -36.0725  64.8995
262714  neutron  955129  55.1989  -2.04662  -50.7483
264446  neutron  4.22119e+06  -3.93523  -21.2648  71.8249
267589  neutron  6.4672e+06  -6.15408  45.0079  -59.6902
276126  neutron  1.75807e+06  71.6552  19.6944  -10.206
279248  neutron  809335  49.9408  -18.6578  -52.7665
283126  neutron  2.24282e+06  -42.8627  26.958  55.3403
286545  neutron  6.36176e+06  -23.4838  -6.85519  -70.9085
293516  neutron  2224.47  -18.0073  -35.5609  63.5426
294470  neutron  4.47431e+06  4.67176  74.2034  9.92643
312883  neutron  206863  30.8824  17.0624  -66.194
316340  neutron  91.5217  10.5984  18.734  -71.8555
318141  neutron  4.80079e+06  62.1623  37.1523  19.5461
327664  neutron  204024  63.0094  -6.62908  40.1544
335450  neutron  2.14907e+06  -56.9679  34.1716  34.8347
340439  neutron  6.15475e+06  41.4921  34.7043  51.9665
342137  neutron  2.36658e+06  -23.9909  -55.253  44.6994
344847  neutron  2.75485e+06  24.9157  -65.423  -26.9358
350881  neutron  7.16428e+06  -30.0378  -58.9811  35.2912
353580  neutron  6.53332e+06  -60.326  44.5111  -2.45632
356660  neutron  2.18169e+06  -67.2326  6.03719  32.7083
364733  neutron  2.57645e+06  70.969  19.0092  -15.1181
368872  neutron  832489  -36.8185  63.9772  -13.3348
371282  neutron  4.76247e+06  43.5368  -27.3247  -54.6297
373869  neutron  5.88325e+06  6.49275  -74.7094  -1.68932
378595  neutron  5.20763e+06  53.0603  -50.3384  16.6478
383524  neutron  1.64499e+06  63.1773  -35.4997  -19.3623
409752  neutron  3.68863  68.5332  17.6469  -24.8653
416509  neutron  1.31266  26.2446  60.5753  -35.6141
424569  neutron  3.88859e+06  -42.9783  10.8658  60.5087
427003  neutron  28.9404  -59.7522  8.27755  44.5832
435498  neutron  4.15409e+06  29.9828  68.6473  3.88275
441203  neutron  1.10518e+06  -50.1899  14.0635  -53.9415
446939  neutron  2.94538e+06  -38.6489  -63.8284  7.66109
456851  neutron  189613  -11.8065  -51.0166  -53.7068
462512  neutron  2.43916e+06  -58.9608  45.1797  10.4366
468031  neutron  454.92  -11.0672  52.2985  52.6202
488683  neutron  449.371  -10.9099  71.319  20.5201
488897  neutron  31.5562  -44.7483  51.4886  31.1932
491532  neutron  563592  31.9852  0.816876  -67.8438
495773  neutron  5.39731e+06  -13.2608  65.0686  -34.8817
498704  neutron  1.18189e+06  -37.142  38.2172  52.7865
516066  neutron  6.18911e+06  -42.4422  -51.2751  34.5835
529528  neutron  846144  -29.1163  -50.9261  -46.7468
531434  neutron  5.9141e+06  44.5714  53.7025  27.4942
532536  neutron  1.76255e+06  18.7722  -52.8544  -49.8048
539733  neutron  5.54875e+06  -5.9622  60.7031  43.6587
541810  neutron  1.23206e+06  -44.0587  -60.2224  -7.65455
544987  neutron  1.33288e+06  -68.3285  -30.4122  -5.72865
550316  neutron  2.51282e+06  -24.553  -68.2171  19.2373
579769  neutron  3.58373e+06  -19.3626  -54.7205  47.5106
590436  neutron  143.406  20.5172  72.1491  0.215102
590755  neutron  0.238006  -58.9801  -17.21  -43.0309
591987  neutron  3.25148e+06  2.32469  -72.6475  18.5321
594666  neutron  483923  -39.9268  -54.2722  32.9679
609618  neutron  254659  -46.4957  -19.5966  55.5034
627559  neutron  758108  14.7404  63.4925  -37.1204
631499  neutron  57.6116  5.61354  49.6281  -55.9646
635047  neutron  2.71896e+06  1.29743  -24.6579  -70.8294
641294  neutron  2.52639e+06  -26.7054  65.5054  24.9473
668461  neutron  4.7913e+06  -64.9217  37.4556  2.95831
683955  neutron  398862  3.14595  71.0175  -23.94
684042  neutron  3.32121e+06  -20.004  55.0751  46.8303
691999  neutron  2.21471e+06  24.9659  -12.2994  -69.6558
700654  neutron  2104.57  42.6662  -10.2091  -60.843
706341  neutron  5.52897e+06  65.2469  -9.11498  -35.8645
715550  neutron  199542  74.4961  3.01114  -8.23154
722420  neutron  2.51605e+06  -40.5688  -22.8281  -58.818
732720  neutron  41610.6  -63.716  22.4953  32.5689
733188  neutron  2.35648e+06  40.7675  31.945  54.2589
737352  neutron  64400.5  44.1363  -23.2651  56.0109
740905  neutron  5.02844e+06  21.1035  12.2257  70.9343
763801  neutron  1.05599e+06  3.10496  -56.7266  48.9791
768210  neutron  958403  -40.5571  -47.2788  41.7892
775564  neutron  4.43086e+06  21.7917  71.4459  -6.86272
779925  neutron  33370.9  -22.2732  55.4476  45.3428
803506  neutron  5.12124e+06  53.8397  -46.4017  -23.9723
810843  neutron  6.17834e+06  -27.6961  41.1445  -56.2721
814111  neutron  25.8724  -25.5119  45.6779  53.751
815551  neutron  6.52502e+06  -48.1756  -56.5483  10.3877
815849  neutron  2.77207e+06  12.8456  62.0939  40.0729
816796  neutron  7.32521  29.6929  -54.8847  41.6234
825778  neutron  4.07184e+06  -36.4674  -26.1788  60.094
846422  neutron  241220  -22.0196  -41.1539  58.7196
851877  neutron  3.65413e+06  -46.2638  -58.4695  8.2142
852670  neutron  8.40753e+06  22.3288  25.7859  66.8058
871301  neutron  5.52211e+06  -31.8443  59.0643  33.5238
892686  neutron  4.18312e+06  -25.3558  0.0702902  70.5945
901923  neutron  1.86071e+06  32.487  12.3251  -66.4769
903190  neutron  494340  19.2282  54.7817  47.4947
903348  neutron  341.004  32.0082  -15.1795  66.1178
916628  neutron  5.20048e+06  24.3469  70.7842  4.82914
917724  neutron  6.27319  -53.6547  -8.88919  -51.6591
919562  neutron  1.56726e+06  -46.9781  50.2991  -29.8254
925658  neutron  2.34479e+06  -58.9714  -36.024  -29.1744
926713  neutron  3.77169e+06  -53.4684  26.7617  -45.2928
932926  neutron  11192.6  -69.9763  3.1756  -26.8278
938337  neutron  602038  55.3821  21.8954  -45.6061
946451  neutron  5.07888e+06  20.3114  62.8527  -35.5456
954003  neutron  7.48425e+06  53.7526  -12.1407  50.8897
958943  neutron  2.69825e+06  56.3423  -32.7365  37.1532
970382  neutron  4.12945e+06  15.7489  -61.7372  -39.5853
971932  neutron  4.91102e+06  -56.4359  1.25036  49.3956
972632  neutron  1.39615e+06  -11.1109  -25.9697  69.4883
973540  neutron  3.35795e+06  -36.368  23.8969  -61.0967
974861  neutron  1.71917e+06  -58.2066  -47.2859  1.59172
979157  neutron  3.16981e+06  54.8465  10.4026  50.1013
979977  neutron  1.44859e+06  -61.0112  -42.2655  -10.852
983042  neutron  0.198327  10.2861  -33.4929  66.3244
996115  neutron  4.25731e+06  33.6349  46.4408  -48.3575
997797  neutron  5.31891e+06  55.5199  -40.0166  -30.7036
