1730  neutron  297785  -0.260576  39.5449  -51.5988
2063  neutron  112264  54.1774  7.92145  35.0479
2585  neutron  1.13863e+06  38.4084  52.4486  0.491108
4184  neutron  125835  63.2289  -5.02102  14.2548
4381  neutron  1.22031e+06  56.9271  -31.1697  3.74912
4483  neutron  3.09378e+06  -15.5155  -63.1176  -1.31552
5068  neutron  14.2438  32.8653  38.1267  41.1404
5499  neutron  1107  1.29681  63.1457  15.4026
5821  neutron  2.83844e+06  -29.7186  -35.1698  45.8932
8449  neutron  4.53813e+06  -7.8253  4.77856  64.3602
10088  neutron  801138  -54.8134  0.151122  34.9538
10821  neutron  2.00339e+06  9.51347  3.8383  64.1955
11294  neutron  7.03228e+06  -12.3519  -63.6598  4.5995
11482  neutron  4.79058e+06  45.1109  46.7174  -2.96366
14570  neutron  6.65386e+06  -50.3513  16.7454  37.5585
17683  neutron  6.11383e+06  40.5187  42.6414  -27.6812
19972  neutron  357598  -29.4424  57.1808  -9.47646
21413  neutron  4.77305e+06  49.3907  -39.0783  16.1165
21721  neutron  727539  6.47467  -17.6316  62.2375
22915  neutron  4.81041e+06  -37.106  -52.3155  -10.6085
23991  neutron  4.67352e+06  2.93303  -39.0955  51.8579
27681  neutron  6.51186e+06  -64.4294  -8.50682  1.67104
29925  neutron  364281  35.4258  49.8531  22.045
32317  neutron  2.70106e+06  -1.5678  -20.8966  61.54
34933  neutron  2.00241  53.8125  2.2434  -36.4072
35715  neutron  6.18325e+06  37.121  43.4999  -30.9207
37440  neutron  2.11849e+06  48.9706  28.889  31.5216
38359  neutron  2.3406e+06  -24.3813  18.6711  -57.2996
38708  neutron  15.3984  -1.6199  44.1272  -47.7123
38858  neutron  15.7531  -60.2687  -22.424  9.5468
42824  neutron  5.22681e+06  -46.2225  -42.223  17.5214
43105  neutron  5.48817e+06  -49.0865  34.4025  25.1651
43517  neutron  1.889e+06  -5.39216  14.301  -63.1879
43805  neutron  210743  -6.9826  38.8392  -51.6629
44733  neutron  6.29217e+06  -18.8098  32.0365  -53.3493
45771  neutron  1.54032e+06  60.5571  -23.2916  -4.07875
48235  neutron  6.03365e+06  4.0797  48.2196  -43.4111
53101  neutron  818373  -50.3643  22.0072  -34.7192
54897  neutron  5366.72  63.9475  2.29652  -11.4779
57373  neutron  2.70032e+06  -62.7434  -16.2922  -4.91224
57586  neutron  5158.84  8.29557  33.3808  55.1653
58414  neutron  685167  19.2525  -61.3905  -9.31955
60624  neutron  5.2062e+06  -53.2739  29.6702  22.5359
60711  neutron  2.41645e+06  -46.3573  41.7963  -18.1761
64765  neutron  1.85869e+06  -58.0685  25.2975  -14.642
65927  neutron  2.61952e+06  9.99851  -10.5736  -63.3603
66103  neutron  2.94823e+06  28.162  -53.611  -23.6445
71785  neutron  345334  38.436  18.575  -49.03
74281  neutron  2.21575e+06  -0.357433  -32.1043  56.5286
74738  neutron  115322  -46.3328  14.2258  -43.3266
76935  neutron  1.897  0.698279  -16.1167  -62.9767
77032  neutron  7.44728e+06  -47.9433  -17.4449  -40.2916
78729  neutron  2.15187e+06  43.4037  -38.7948  28.9375
79084  neutron  301.124  18.0521  45.6269  -42.6451
80472  neutron  2.49481e+06  -10.0432  56.0782  -31.3157
81039  neutron  5.42527e+06  -42.3375  44.986  20.2508
81564  neutron  3.10098e+06  1.72064  -49.3573  -42.2753
85091  neutron  3.08715e+06  1.56087  32.3037  56.3944
86222  neutron  4.31205e+06  -54.7658  32.7553  -12.4137
88566  neutron  2.81358e+06  38.277  32.7884  -41.062
89834  neutron  1.75369e+06  -55.7251  18.4406  -27.9457
90324  neutron  7303.16  23.2032  60.7282  0.0466907
90628  neutron  1.9137e+06  33.7197  -52.5401  -18.1334
91231  neutron  2.32373e+06  -59.9049  -1.04469  -25.2312
93097  neutron  5.21992e+06  51.1764  34.6672  -20.1361
101745  neutron  5.61236e+06  7.9169  53.9303  -35.4281
105661  neutron  5.78207e+06  58.3252  -3.44253  -28.5064
105942  neutron  5.54684e+06  63.6798  -13.0816  -0.233301
110416  neutron  1.30649e+06  49.0544  22.5541  36.2116
111596  neutron  213753  -12.5739  37.835  51.3489
112293  neutron  2.88034e+06  11.9747  40.0894  -49.7569
112353  neutron  28.9519  43.6195  30.3436  37.4553
112684  neutron  3.87753e+06  2.4271  13.4766  63.5515
116638  neutron  3.20214e+06  -26.6648  55.4117  21.0909
117179  neutron  4.24647e+06  -19.4495  -58.7355  19.9539
117733  neutron  2.15974e+06  -45.9525  34.2273  -30.711
118090  neutron  76424.2  24.6636  -10.6149  -59.2059
121978  neutron  2.76663e+06  -34.4532  -7.42884  -54.6268
122149  neutron  340158  8.72996  -51.4525  -38.765
122726  neutron  6.47614e+06  20.7262  -10.0317  -60.7955
123336  neutron  4.95544e+06  -20.9729  -1.9434  61.5034
125119  neutron  1.02149e+06  33.3674  -37.1952  -41.5865
128875  neutron  5.38661e+06  -5.28773  55.3758  33.6432
129606  neutron  3.54524e+06  31.4103  -55.8111  11.1721
130020  neutron  4.78753e+06  -41.4079  -3.50806  -49.9938
130891  neutron  6.31515e+06  -31.9597  4.73955  -56.4129
135232  neutron  59797  21.9504  -29.5708  53.5728
135595  neutron  4.49664e+06  -56.9979  13.5937  28.1559
136304  neutron  3.8091e+06  14.3655  -40.647  -48.6596
137423  neutron  0.252826  -13.2323  -21.5332  59.896
138039  neutron  3.93191e+06  61.7289  -17.5462  -10.3913
140481  neutron  1.58136e+06  -56.5174  -31.5045  6.28895
140641  neutron  3.38632e+06  35.8342  -1.89773  54.2089
141409  neutron  3.11336e+06  -28.9927  -51.109  27.8136
144288  neutron  792363  57.6584  -29.837  -3.39968
148946  neutron  4.20522e+06  -38.7468  4.73136  51.9865
149324  neutron  3.85334e+06  34.6293  -54.0182  10.4471
150381  neutron  2.3262e+06  50.7889  38.8619  11.6853
151620  neutron  2.41221e+06  59.0734  23.4709  13.629
156290  neutron  670484  -40.9862  44.6076  23.5922
156664  neutron  3.79084e+06  -6.76269  -12.8058  63.3765
167921  neutron  1.73118e+06  61.1626  12.2522  18.3118
169541  neutron  19.5121  18.0752  -55.5556  -28.5161
169541  neutron  14.6899  34.9337  -54.7923  1.56221
173533  neutron  1.40532e+06  39.5783  -47.577  -19.9069
177978  neutron  2.45852e+06  2.32497  41.9388  -49.6189
178079  neutron  3.10018e+06  11.9941  -43.9525  -46.3747
181431  neutron  5.28037e+06  -9.39457  33.4324  54.9574
183735  neutron  885.549  54.739  -32.6237  -12.8701
186201  neutron  2.72257e+06  3.75982  -49.5604  -41.9039
186591  neutron  6.17931e+06  -39.7926  15.7724  48.9293
188907  neutron  3.79886e+06  3.724  -58.1025  -28.9229
188976  neutron  2.10776e+06  -0.623988  33.5491  -55.681
189984  neutron  2.6241e+06  -7.4595  13.231  -63.2107
190456  neutron  619605  4.83927  -11.1496  63.8637
195174  neutron  2.39594e+06  -13.0043  3.15122  -63.6181
195984  neutron  2.03078e+06  -33.1336  16.1368  53.5544
195984  neutron  1.52563e+06  -37.415  9.93471  -52.2151
195984  neutron  1.26331e+06  -36.6969  9.45385  -52.8229
199920  neutron  7.10988e+06  30.4233  -53.3834  -21.2352
200696  neutron  6.99028e+06  35.8412  14.4976  -52.264
206711  neutron  73386.3  -17.0893  45.8006  42.8551
207514  neutron  4.9731e+06  -4.34411  -35.3067  -54.4139
209582  neutron  991.468  61.4281  14.4907  -15.5854
211564  neutron  4.11659e+06  -48.0178  -17.3668  -40.2366
214232  neutron  776885  35.2927  -42.8841  -33.7887
217190  neutron  3.90318e+06  -56.8967  26.5764  -16.8155
218201  neutron  1.61324e+06  59.8598  -20.9818  -14.2431
221054  neutron  4.85859e+06  -1.24894  -31.6092  -56.7944
222592  neutron  4.03835e+06  -17.95  34.1311  52.337
223337  neutron  1.98158e+06  55.8618  -33.1833  2.15175
224596  neutron  2.66134e+06  -51.6243  -39.3957  3.03506
224660  neutron  8.95844  -52.2163  -5.30565  38.3616
224768  neutron  2.09431e+06  34.3955  -34.9072  42.717
225500  neutron  3.75509e+06  40.9919  48.2605  14.7272
227884  neutron  4.77538e+06  14.7564  -41.0053  48.2402
229748  neutron  70816.2  57.9636  25.2807  -15.0798
229798  neutron  59.9454  -11.8174  -33.7319  -54.3029
230800  neutron  5.12756e+06  -61.3361  -13.1633  17.0562
231419  neutron  2.94956e+06  -8.98482  -14.0548  -62.8334
232012  neutron  736174  39.8504  44.2925  26.0082
232507  neutron  1.86152e+06  -31.5797  23.0792  -51.9266
234078  neutron  5.9071e+06  57.4888  29.5681  6.86024
234190  neutron  3.59022e+06  53.8777  31.7245  17.806
238075  neutron  5.30666e+06  -55.645  -31.1807  12.5579
239657  neutron  5.46072e+06  -21.8482  53.697  -29.4208
239968  neutron  2.04223e+06  -36.3118  51.119  -17.1639
240309  neutron  2.99475e+06  -42.4534  45.6316  18.4868
242101  neutron  13576  16.8761  31.3037  -54.4204
247199  neutron  2.63293e+06  -25.9073  29.954  51.5545
254395  neutron  18894.8  17.1855  -6.47108  -62.3625
263379  neutron  2.2384e+06  29.8708  -27.418  -50.8162
264084  neutron  2.19518e+06  -2.22453  -6.91552  -64.6028
268406  neutron  13.0027  21.8272  57.0419  -22.2733
269430  neutron  3706.75  -5.13925  56.438  31.8535
271657  neutron  1.22734e+06  7.1508  -58.0116  -28.4573
273480  neutron  552954  -57.3479  -29.7278  7.33354
274247  neutron  1.80961e+06  -25.1219  45.0479  -39.5712
274392  neutron  2.48855e+06  50.2103  7.07313  -40.6842
275717  neutron  6.21956e+06  28.5988  46.9896  -34.6466
281084  neutron  5.37366e+06  -60.7577  20.4191  -10.8562
284572  neutron  1.28144e+06  1.87231  20.7893  -61.5679
287292  neutron  2.61271e+06  30.2888  -10.2246  -56.607
288340  neutron  4.07072e+06  -10.2911  -47.7356  42.9151
289243  neutron  708124  -39.8325  17.0969  -48.4496
289413  neutron  5.14527e+06  45.54  37.4357  27.404
291601  neutron  4.56204e+06  13.9766  59.5975  21.8882
293362  neutron  1.62776e+06  38.1765  -0.404649  -52.6184
295069  neutron  600499  -63.9186  8.53006  -8.24287
295113  neutron  7.14873e+06  -52.1104  -36.0343  14.5717
296197  neutron  1.60053e+06  58.053  22.9567  -18.1424
300181  neutron  268377  2.81076  -54.3072  35.6248
301081  neutron  7913.61  -39.2625  37.535  -35.7195
304526  neutron  2.61026e+06  21.2309  -33.9781  51.1961
307530  neutron  78.9981  -63.3836  -3.92206  -13.9081
310935  neutron  2.54149e+06  63.2051  4.9114  -14.3975
313875  neutron  1.68295e+06  2.64765  -56.8759  31.3755
314611  neutron  3.14578e+06  -10.4099  -33.5735  54.6878
316067  neutron  3.53224e+06  -8.03637  -7.73316  64.0462
317828  neutron  2.2752e+06  -30.0146  -20.5841  53.8676
322571  neutron  6.00762e+06  56.5035  30.5497  -10.0187
323095  neutron  51.5794  -25.6202  56.5753  19.213
325097  neutron  8.29554e+06  -29.6416  -30.4791  -49.1803
327124  neutron  475012  34.0088  -54.8394  -7.89554
328615  neutron  2.07714e+06  39.5578  -46.2723  22.8113
330531  neutron  5.18588e+06  -41.8536  41.6587  27.187
330826  neutron  957955  61.6363  -11.8488  16.9373
335091  neutron  588920  -6.23029  44.3349  47.137
340203  neutron  2.28377e+06  -3.6922  64.3207  -8.6901
346086  neutron  271.88  -11.414  57.3882  -28.3305
346476  neutron  2.805e+06  -59.0525  15.0078  22.6686
351317  neutron  4.27113e+06  49.4029  -22.5833  35.7163
352572  neutron  717991  -51.3188  18.5574  -35.3313
353657  neutron  2.66509e+06  36.1846  -51.3837  -16.634
355165  neutron  5.31569e+06  7.6133  -8.71574  -63.9717
357199  neutron  7.1749e+06  32.5427  32.3336  46.0631
361119  neutron  515509  12.2656  -16.2694  61.7346
363182  neutron  2.20922e+06  -4.95783  -58.2654  -28.4053
363467  neutron  2.8938e+06  57.9692  -2.36371  29.3307
365301  neutron  1.73268e+06  60.4994  -15.4709  18.0767
367397  neutron  4.45533e+06  54.9464  32.8942  11.1875
368665  neutron  3.08291e+06  -61.3403  -12.7585  -17.3462
369753  neutron  2.97831e+06  5.34388  59.7505  25.0524
376186  neutron  10202.7  23.2841  -30.0332  -52.7462
381138  neutron  155179  11.8231  -51.5875  -37.7524
381637  neutron  2.81618e+06  61.1953  19.0514  -10.8848
385694  neutron  5.70262e+06  -47.9451  -35.6651  -25.6041
387430  neutron  1002.97  -52.5128  32.0363  -21.0328
387435  neutron  3.06624e+06  -9.8371  -63.5895  9.26875
387902  neutron  1.70058e+06  -4.64691  -50.2213  -41.0186
388201  neutron  2.41611e+06  -47.2876  -38.4205  -22.6727
390390  neutron  18.6599  52.0444  36.1454  14.5324
393150  neutron  495318  -56.2513  16.997  27.8064
395123  neutron  73.0528  -9.98703  -33.113  -55.0462
399074  neutron  269934  -56.8788  -10.2395  -29.7701
405241  neutron  206600  57.1304  -28.7222  11.7239
406037  neutron  234729  -45.7309  -13.1839  44.2851
408652  neutron  691406  -41.5686  15.3433  -47.5703
408859  neutron  73090.9  59.5841  -24.2458  -9.39004
410014  neutron  1.59582e+06  9.99367  59.5264  24.146
410441  neutron  922606  16.8  40.27  -48.1912
411450  neutron  339243  -51.0045  5.01338  39.9964
411997  neutron  2.46487e+06  -10.5151  -50.4581  39.6196
415779  neutron  148492  24.2751  -29.5834  -52.5533
416285  neutron  3.37702e+06  39.6488  48.0214  18.6605
417172  neutron  5.52703e+06  4.75684  47.4604  44.1722
420848  neutron  6.86143e+06  -30.7844  27.3162  50.3234
422580  neutron  2.70846e+06  50.754  -40.0736  -6.66615
428051  neutron  2.87433e+06  52.1532  -33.2393  20.0374
430180  neutron  3.68184e+06  16.4976  62.7682  3.77933
431962  neutron  5.49843e+06  62.4395  -9.00633  15.7002
435072  neutron  7.52988e+06  38.9998  51.542  6.98108
435647  neutron  20884.7  -53.3846  -19.6311  31.4801
436098  neutron  6.67646e+06  9.87696  39.3334  50.8098
437294  neutron  4.21158e+06  -26.2182  59.0315  -7.36087
438490  neutron  3.19915e+06  -33.5956  55.5872  2.7739
439872  neutron  4.78502  -6.6741  -63.4403  12.5332
440397  neutron  5.51234e+06  -52.5124  -33.6758  18.2946
443606  neutron  217322  -13.3668  -63.2278  -7.06248
447170  neutron  1.65831e+06  50.4704  1.22476  -40.9578
449145  neutron  4.67005e+06  -38.3329  34.2466  -39.8002
449166  neutron  1.30494e+06  54.9751  21.7529  27.0343
449356  neutron  2.77455e+06  -0.637846  -52.5724  38.2365
451642  neutron  6.23936e+06  43.1987  45.5859  16.7958
452181  neutron  4.589e+06  -18.4753  38.1553  49.2862
454240  neutron  4.61525e+06  -10.7921  -55.6821  -31.7701
455709  neutron  273441  -31.7801  -55.1268  -13.3178
456437  neutron  806623  -2.16119  57.8367  29.6065
457191  neutron  1.33547e+06  -31.7123  -5.99919  56.4326
460399  neutron  4.7291e+06  -52.6747  31.7899  -21.0018
460591  neutron  2.35568e+06  -59.474  8.88612  24.7019
461755  neutron  2.93699e+06  -41.5997  46.7316  17.6614
461990  neutron  4.01625e+06  -1.08692  61.5722  20.8322
462364  neutron  1.19587e+06  -23.8812  60.1271  6.38165
465993  neutron  91024.3  -9.61002  -61.6187  18.36
466693  neutron  2.26804e+06  36.4942  -26.2036  -46.9877
466803  neutron  2.20537e+06  17.2616  -56.6706  -26.7727
468172  neutron  37413.6  -35.7616  -13.0434  -52.6999
470251  neutron  216278  -49.4777  42.1593  -0.922259
472104  neutron  2.01753e+06  37.6017  -0.961758  -53.0235
472900  neutron  30586.9  13.1668  -62.7806  10.561
473440  neutron  6.94678e+06  38.7751  30.6518  42.2286
474935  neutron  1.81003e+06  -55.1337  -32.5646  11.2306
476704  neutron  6.33986e+06  -40.522  -9.78427  49.8852
478169  neutron  4.18949e+06  -3.26033  60.9001  22.5133
479012  neutron  1505.56  3.96147  61.3917  -21.016
480282  neutron  2.56252e+06  2.96445  51.5238  -39.5324
480953  neutron  6.30139  -13.4827  -58.9628  -23.8308
485336  neutron  2.05977e+06  60.9857  17.6291  -14.0094
486419  neutron  6.83803e+06  54.1034  -29.7098  20.4072
491270  neutron  1.61704e+06  7.98727  44.5186  46.6969
491283  neutron  3.78281e+06  -6.79366  58.5343  -27.4569
491444  neutron  2.39472e+06  -35.9911  5.1285  53.8947
492349  neutron  2.43116e+06  2.28498  64.6976  5.94084
492885  neutron  2.63867e+06  -38.0361  17.371  49.7775
493084  neutron  3.07448e+06  -17.6901  16.7818  60.2639
493956  neutron  3.07775e+06  -34.5149  -1.22856  -55.0773
494324  neutron  56073.7  4.0023  34.9702  -54.6568
501268  neutron  3.52044e+06  -45.4789  46.4417  1.06799
505884  neutron  4.33225e+06  14.9601  28.6668  -56.3978
506297  neutron  6.65031e+06  -52.2088  -7.89764  -37.9232
506316  neutron  1.7323e+06  -4.56284  60.5679  23.1735
507044  neutron  6.25944e+06  -44.4447  -11.2255  -46.0973
507132  neutron  2.85134e+06  -13.9143  26.4934  -57.713
509363  neutron  4.71968e+06  -35.3446  23.7698  49.1127
510793  neutron  444695  30.2103  -57.5192  -2.27667
513685  neutron  344337  -32.5402  -18.5725  53.1272
518415  neutron  180540  53.9618  33.2529  14.4452
520698  neutron  99057.7  4.93634  62.9724  15.3757
521890  neutron  776152  10.0998  0.466281  -64.219
522731  neutron  59297.2  12.9529  -37.1062  51.7847
523250  neutron  1.66183e+06  35.7675  54.2322  2.41901
528547  neutron  472649  12.4311  -43.4412  -46.74
534302  neutron  4.02103e+06  -18.8665  -55.0117  29.0528
537171  neutron  1.27592e+06  -28.1314  49.9507  -30.6571
538077  neutron  1.9462e+06  -34.3519  33.0338  -44.2155
539222  neutron  2.01988e+06  63.0141  -15.8052  -2.39222
541096  neutron  4.58272e+06  44.8226  -38.4474  -27.1852
541436  neutron  514609  60.5626  23.6235  0.629362
542296  neutron  944604  -42.3694  -47.608  -12.8303
544212  neutron  3175.35  -8.40794  47.4175  43.6713
546309  neutron  634867  -50.8705  19.9311  -35.2313
546662  neutron  445354  -43.5779  22.7364  -42.5479
547168  neutron  4.05818e+06  4.07108  -28.949  -58.0662
548463  neutron  6.20183e+06  -36.9481  -16.7935  50.785
549220  neutron  2.77408e+06  -22.4608  41.5223  44.6958
550865  neutron  4.15373e+06  -49.294  41.8383  -6.77932
550886  neutron  2.79089e+06  40.4597  -47.6454  17.8669
551485  neutron  894122  7.21021  34.0184  54.9278
556881  neutron  27501.4  -50.4366  -10.8682  39.5516
561126  neutron  2.18472e+06  -39.6  -0.739519  51.5518
561282  neutron  6.12605e+06  -52.8775  21.789  30.9114
566624  neutron  309538  -57.9382  24.8383  -15.8911
566896  neutron  2037.76  56.8445  -27.8846  14.7462
568500  neutron  315426  -31.8882  -47.5154  -30.8502
569735  neutron  2.24548e+06  -25.1627  28.4954  -52.7366
570737  neutron  690351  -50.4688  40.8076  -3.73436
578917  neutron  6.28749e+06  35.9997  -49.6402  21.5912
579181  neutron  2.72125e+06  -18.9992  14.9214  -60.3546
579270  neutron  12.9923  -16.5418  56.561  27.4504
581817  neutron  3.83634e+06  -54.7091  35.0543  2.09958
582436  neutron  696303  26.673  -4.16759  -59.1395
582439  neutron  3.9139e+06  -18.1311  -14.8708  -60.6335
584258  neutron  71727.8  24.0152  60.3701  -2.23911
587827  neutron  31126.4  -19.4642  -33.6113  -52.1318
588836  neutron  327585  -54.4663  9.84342  -34.1003
589700  neutron  2.7419e+06  -63.5988  10.4744  8.47195
590334  neutron  857253  63.9376  7.8959  8.71389
593681  neutron  2.70547e+06  45.4298  32.4716  33.2871
594706  neutron  6.45233e+06  -63.8993  -10.6355  5.48309
597964  neutron  4320.28  56.1669  28.7558  15.6422
598634  neutron  2.17697e+06  -44.5827  23.7127  -40.9437
599289  neutron  67293.3  -37.2385  -52.6576  8.17123
600340  neutron  170835  -36.5752  2.46162  53.6889
602394  neutron  5.51688e+06  58.2268  -15.8933  -24.1526
602830  neutron  5.83132e+06  -39.6614  50.4782  10.2579
604313  neutron  27267.2  52.7375  8.04219  -37.1534
604897  neutron  3.07461e+06  -52.7007  -38.0232  1.78126
606282  neutron  977219  -31.005  31.7031  47.5384
616694  neutron  4.36392e+06  10.2049  11.113  -63.235
620297  neutron  105725  -9.49666  9.93466  -63.5407
621072  neutron  10.3391  38.7995  -28.6834  -43.5679
622984  neutron  14.2091  11.604  48.0075  -42.2721
623228  neutron  5.97328e+06  -17.8187  35.5563  51.4252
630913  neutron  6.18371e+06  32.8152  -14.9178  54.101
636267  neutron  6696.08  -12.2104  36.7797  -52.1963
638257  neutron  6.28096e+06  -63.0121  2.93598  15.7211
642347  neutron  42848.9  -31.0929  48.8673  -29.5215
646765  neutron  5.42971e+06  -15.6986  -18.3808  -60.349
653872  neutron  1.41045e+06  50.1988  -10.5827  39.9297
655314  neutron  306735  -50.1525  40.2329  9.60936
657098  neutron  5.29081e+06  -59.867  23.578  9.29089
657852  neutron  340590  55.3668  -1.47589  34.0388
661500  neutron  166547  -0.69811  61.7488  20.3199
661601  neutron  5.734e+06  6.48638  32.6602  -55.8349
666659  neutron  525373  19.7582  61.8752  -2.71494
667581  neutron  4.90971e+06  -22.6209  54.3983  -27.4849
667584  neutron  2.14384e+06  19.1569  -40.7501  -46.8908
667774  neutron  2.6477e+06  2.60084  59.2136  -26.7073
669295  neutron  3.15478e+06  -26.1044  20.4016  55.9342
670038  neutron  1.79317e+06  -51.9695  -32.2065  -22.0955
670584  neutron  1.35365e+06  52.8851  -17.3671  33.5835
673571  neutron  394084  -55.6122  -33.6618  0.682417
675766  neutron  1.71391e+06  11.3263  56.3089  30.452
676623  neutron  12.3455  -43.0252  -39.9717  27.8818
677410  neutron  3.54353e+06  64.4981  -2.16294  -7.84995
677434  neutron  9.2272e+06  38.6424  -41.9525  31.1939
677732  neutron  6.22997e+06  25.1206  45.9104  -38.5679
678844  neutron  2519.82  36.0056  11.563  52.879
680297  neutron  1.55143e+06  -54.4053  35.5849  -0.292713
681208  neutron  4.09089e+06  -39.3861  50.0058  13.208
682606  neutron  2.42734e+06  29.6145  1.88366  57.8423
685135  neutron  2.18944e+06  -5.39397  -47.7585  -43.7759
685672  neutron  6.50465  36.5882  42.0624  33.4419
685980  neutron  1.7386e+06  52.7017  16.1642  34.4608
690280  neutron  76266.9  40.6725  50.4626  5.05683
692701  neutron  684240  50.4778  -36.8076  -17.9858
694532  neutron  5.27161e+06  -5.93022  50.7684  40.1709
698806  neutron  83819.9  -21.0233  -61.0028  7.93558
708399  neutron  709384  -32.8461  -53.8603  15.7004
708446  neutron  1.16269e+06  47.8448  43.3561  7.57788
709479  neutron  1.02782e+06  -11.8626  56.7727  29.3673
709725  neutron  2682.74  -28.0274  -27.6209  51.7479
711627  neutron  1.69536e+06  25.8133  -31.6681  -50.5678
713768  neutron  2.12854e+06  47.6535  42.5802  11.932
715067  neutron  3.77251e+06  54.8705  22.8924  26.2958
715831  neutron  3985.55  60.8376  22.7418  2.81025
718133  neutron  4.25078e+06  -56.1684  -1.55524  -32.6955
718398  neutron  1.63012e+06  -11.4489  -56.9531  29.1817
719977  neutron  1.10693e+06  15.6606  19.9379  59.8626
723285  neutron  4.90231e+06  -16.5108  55.3628  -29.8104
726033  neutron  735780  3.94921  -56.066  -32.6697
727675  neutron  19355.2  10.8166  61.5673  17.8541
729107  neutron  4.84298e+06  52.4074  36.9136  10.8237
730122  neutron  5.01064e+06  45.7179  45.3634  -8.85052
730193  neutron  1.72115e+06  60.5314  -8.25148  -22.2298
730237  neutron  734259  -22.4353  47.0104  -38.8971
730270  neutron  30614.1  -57.3534  -28.9562  -9.92075
730282  neutron  7.99566e+06  32.3363  -4.99083  56.1761
730644  neutron  334258  -27.8233  -6.12907  -58.4346
737591  neutron  5.02844e+06  17.6377  10.2128  61.7326
741332  neutron  754897  -8.05264  -16.0226  62.4878
744293  neutron  2.38759e+06  63.4002  -3.0915  -14.0414
744436  neutron  236133  0.0451757  48.0658  43.7718
747581  neutron  2.62116e+06  31.7869  -51.6759  23.3557
748548  neutron  1.70877e+06  -62.7702  -3.44765  16.5625
750378  neutron  2.83766e+06  30.6498  57.0269  -5.90088
750733  neutron  2.10358e+06  -2.83997  64.3902  8.49338
761119  neutron  4.04153e+06  -2.47195  -4.92946  64.7757
762345  neutron  155.161  37.7244  -18.7026  -49.5316
762379  neutron  1.0693e+06  -55.1966  3.25145  34.1915
762860  neutron  5.05089e+06  -41.5657  44.9992  21.7639
762978  neutron  5.41609e+06  38.3714  -48.401  20.2799
762996  neutron  3.36901e+06  -36.6787  -43.3872  -31.5994
764340  neutron  222711  -33.3812  51.6593  21.0549
765995  neutron  6.69882e+06  -25.9038  -33.5265  49.3079
766512  neutron  66154  -50.7909  -14.4816  -37.906
769419  neutron  7.19119e+06  26.7672  35.3678  47.5283
769938  neutron  5.33371e+06  -20.4301  38.7459  48.0381
770568  neutron  4.10774e+06  -47.3026  -44.1606  6.21294
770880  neutron  530548  -9.25  -14.6562  -62.6573
771202  neutron  2.4117e+06  -32.1894  -50.6984  -24.8962
771761  neutron  124655  -47.1558  -41.8136  15.9453
773669  neutron  3.47909e+06  3.19957  63.9295  11.3616
776142  neutron  1.81175e+06  28.4495  -57.9755  7.46761
780022  neutron  5.39407e+06  46.245  45.4225  4.94968
780456  neutron  4.59453e+06  -19.963  54.4158  29.4397
782146  neutron  797722  45.517  26.2179  38.3031
785753  neutron  4.77323e+06  56.467  25.6752  -19.4567
788342  neutron  1.80417e+06  58.1941  -23.8499  -16.4601
788615  neutron  1.48597e+06  -54.3362  -31.7102  16.3813
791279  neutron  7.22939e+06  -53.0302  28.05  25.0459
791388  neutron  2.30973e+06  -59.066  -27.0837  1.99632
795416  neutron  2.02895e+06  -26.4653  -23.6699  54.4576
795621  neutron  7.77951e+06  26.7614  -26.9345  -52.7699
799472  neutron  178889  16.6831  -21.0354  59.2071
800134  neutron  2.3499e+06  -59.3246  18.208  19.3741
802527  neutron  578564  -26.3294  47.3943  35.8726
804025  neutron  258673  44.893  45.7956  -10.6622
804842  neutron  20.1156  54.6579  -17.1297  30.7471
805717  neutron  2.13921e+06  1.81996  46.8355  45.0491
807445  neutron  637770  40.5949  -35.6384  36.1698
808336  neutron  2.1541e+06  31.1495  -8.77184  56.3832
808679  neutron  2.81957e+06  54.1418  29.0654  -21.2172
811936  neutron  5.9835e+06  -23.0551  -60.5952  -4.79434
812565  neutron  1.51965e+06  -10.4002  -20.1538  -60.9259
814444  neutron  4430.6  64.6078  0.851641  -7.16965
815458  neutron  2.62787e+06  -23.7933  57.3576  19.2428
817960  neutron  6.22699e+06  25.4784  -21.5329  -55.7986
824168  neutron  1.3467e+06  -20.8993  36.3724  -49.6645
825521  neutron  5.87229e+06  2.40446  50.3569  -41.0451
826251  neutron  4.66711e+06  -14.5978  21.4073  -59.6233
826252  neutron  1.21738e+06  -61.6763  7.53627  -19.1192
830187  neutron  9.13698e+06  -52.1843  12.3944  36.7353
832988  neutron  9.66366e+06  -28.795  -56.9094  12.5881
833677  neutron  4.63601e+06  -4.23597  37.8708  52.6703
834082  neutron  2.62473e+06  -21.5415  -30.1546  53.4132
837534  neutron  5.4467e+06  -39.9129  -48.7048  -16.1585
838721  neutron  2.7378e+06  -62.5169  -2.4214  17.6656
841468  neutron  1.85511e+06  26.9113  -25.1942  53.5475
842529  neutron  2.48557e+06  31.2396  0.765248  57.007
842768  neutron  4.13821e+06  -60.2076  22.2786  10.2476
847100  neutron  5.17972e+06  -41.8084  44.226  22.8565
847223  neutron  50322.8  -46.5164  13.3757  -43.4006
848978  neutron  2.55983e+06  44.014  37.1497  30.149
850314  neutron  2.52935e+06  42.6086  -49.0591  2.00292
851504  neutron  1.47128e+06  7.78133  16.4773  -62.4039
855633  neutron  1.21208e+06  -40.3333  -2.67429  -50.9153
857192  neutron  92697  -31.0803  -42.9765  -37.5944
858676  neutron  23118.3  -37.1671  10.0652  -52.3794
859421  neutron  0.577084  62.7308  11.3173  12.7695
861509  neutron  2.75733e+06  -64.8005  3.43241  3.92667
862526  neutron  2.07831e+06  52.7043  -19.8789  32.4559
865277  neutron  7.44115e+06  60.629  1.49425  -23.4135
867902  neutron  5.97869e+06  -41.1348  50.2937  -2.18399
869643  neutron  4.98219e+06  25.9784  33.0179  49.6109
871096  neutron  1.28473e+06  31.9408  35.1574  -44.3852
871274  neutron  23.1585  33.0309  51.6933  21.5189
872900  neutron  4.27532e+06  -45.7592  -0.691665  -46.1727
876252  neutron  6.71913e+06  49.7287  33.4512  -25.1868
877958  neutron  5.42078e+06  55.2717  -34.172  -1.9012
878204  neutron  2.4807e+06  -22.0564  -44.0399  42.4299
880110  neutron  4.48257e+06  32.6481  32.9883  45.5211
880260  neutron  2.77324e+06  19.1538  49.2888  37.816
880526  neutron  4.95021e+06  -1.01165  48.2797  43.5241
882413  neutron  17.277  -25.2272  57.9132  -15.3607
882818  neutron  2.24817e+06  43.5792  -45.5973  -15.7493
882977  neutron  5.28654e+06  2.06376  32.6139  -56.1994
884607  neutron  790899  -59.829  -13.0562  21.8249
884727  neutron  540205  -19.5482  -59.8712  16.1123
890696  neutron  4.01277e+06  -57.2353  -30.2238  -6.07742
890838  neutron  25687  12.6866  -60.4206  -20.3643
895519  neutron  35.9218  54.0479  21.7904  -28.815
898183  neutron  6.76397e+06  38.932  32.4494  -40.7141
898390  neutron  6.92858e+06  35.1565  45.1647  -30.8297
900503  neutron  2.41816e+06  53.0844  -37.3164  3.97896
900543  neutron  272618  -37.0243  19.3387  49.8148
901545  neutron  1.61553e+06  -24.4984  21.2863  -56.3296
905078  neutron  2.79181e+06  -61.4768  -7.58581  -19.7322
905657  neutron  106.017  -8.82151  -13.7373  -62.9267
910062  neutron  3.10307e+06  20.1835  1.5361  -61.7784
910480  neutron  3.03008e+06  -35.7421  -40.1354  36.578
911623  neutron  0.440677  -23.6142  12.0606  -59.3566
912104  neutron  4.00379e+06  -34.6884  -39.3389  -38.4118
914176  neutron  4.09543e+06  -61.8849  19.5112  3.98406
920023  neutron  2.48098e+06  51.51  0.306766  39.6602
921386  neutron  7.74232e+06  30.92  -54.1029  -18.5236
923014  neutron  67595.5  44.6929  -19.224  43.1194
924548  neutron  179963  18.4771  -5.49985  62.0858
925482  neutron  497660  -37.2223  27.0431  -45.929
930133  neutron  599061  49.8424  21.6808  35.6648
932086  neutron  4.77088e+06  36.9288  29.5215  44.6211
934675  neutron  2.26173e+06  -9.22187  -58.4217  26.9845
935361  neutron  6.24396e+06  42.9723  -15.7051  46.1848
935913  neutron  225415  -13.5475  39.5925  49.7514
936279  neutron  4.58508e+06  62.9669  16.0759  1.74105
937495  neutron  3.50906e+06  60.8808  -1.6486  -22.74
940079  neutron  5.09306e+06  40.4411  -27.2719  -42.9774
947441  neutron  955685  -49.0053  9.62138  41.6199
948853  neutron  64.536  -51.8657  21.1526  32.9972
949643  neutron  164621  -37.7106  -38.9384  -35.8889
954528  neutron  0.69216  -51.8109  39.1594  -2.91017
955227  neutron  11772.5  -5.46648  22.0775  -60.9016
956029  neutron  6.51987e+06  42.1909  43.5799  23.3884
957881  neutron  2.42484e+06  12.4338  -63.5467  -5.78933
958313  neutron  221262  41.1747  -11.3268  49.0168
963479  neutron  3.93005e+06  34.7388  -54.6725  -5.517
965377  neutron  2.72527e+06  37.2035  -45.3035  -28.1034
965897  neutron  7.84576e+06  -11.0654  45.5882  -45.0064
966002  neutron  3.10922e+06  2.37629  2.45093  -64.9203
970238  neutron  5.54022e+06  8.37542  -11.857  63.3685
973876  neutron  2.27092e+06  -55.952  23.3729  -23.4388
976867  neutron  2.51284e+06  31.9174  2.66137  56.5729
978407  neutron  2.11015e+06  38.6232  8.86239  51.5364
979489  neutron  333369  17.7588  60.1413  -17.145
980778  neutron  2.68151e+06  -49.7362  -15.7835  -38.7748
981013  neutron  4.90178e+06  -34.5126  54.5561  -7.66863
983711  neutron  7.38389e+06  61.0417  -1.85365  22.2886
984123  neutron  4.21882e+06  -20.4489  -5.48378  -61.466
986195  neutron  0.69286  -58.3801  7.8157  27.5132
987610  neutron  117703  50.269  -19.2763  -36.4384
987911  neutron  41132.9  25.2672  -23.0069  -55.3041
988715  neutron  50811.9  -34.1028  55.2609  -3.08782
990895  neutron  983274  33.2015  53.4635  -16.2978
991159  neutron  10846.1  -15.541  -44.8363  44.4352
995833  neutron  6.05182e+06  -50.6424  -31.2252  -26.2038
997246  neutron  447.262  -18.6635  30.4812  54.3035
997358  neutron  5.7291e+06  -2.16502  -51.24  -39.9509
