425  neutron  1.54307e+06  41.864  -35.3961  24.4075
1729  neutron  288589  -42.098  -42.4814  -4.92828
3118  neutron  4.51258e+06  24.6401  -10.3879  -53.723
3126  neutron  87613.6  -50.3513  -22.0641  -24.0649
3611  neutron  43.2576  30.3842  37.3783  -35.7891
4285  neutron  183004  27.3775  -12.6869  -51.8721
4374  neutron  4.16517e+06  -2.51842  -38.8949  45.6294
4586  neutron  2.23559e+06  -34.0114  -36.43  -33.4258
5112  neutron  2.53024e+06  0.856014  10.8486  59.015
6248  neutron  7.04682e+06  -9.83302  27.96  52.18
6898  neutron  3293.42  -19.6841  53.075  19.9193
7434  neutron  2.02735e+06  56.2906  -1.04128  20.7723
7777  neutron  23431  23.1015  55.2495  -3.87512
8683  neutron  25082.8  -52.2557  7.1172  -28.6336
9942  neutron  2.67833e+06  -25.7951  -48.9902  -23.1466
10895  neutron  734113  1.79492  27.8213  -53.1409
11574  neutron  1.5481e+06  -29.7527  18.2008  48.8335
13178  neutron  3.34112  -53.422  27.3339  0.389279
15883  neutron  1.40179e+06  -49.0693  -23.8405  -25.0007
16648  neutron  1.70088e+06  9.26489  56.7157  -17.2828
16732  neutron  6.67686e+06  10.0413  58.5695  8.36587
17228  neutron  4.82187e+06  -43.9774  -39.0545  11.9136
19910  neutron  3.41662e+06  -23.3877  -47.2921  28.595
21962  neutron  2.3775e+06  -33.6951  48.8653  -8.83297
23245  neutron  1.82688e+06  -9.03398  13.6337  57.7383
23984  neutron  135204  -22.5095  -42.7668  -35.5742
28043  neutron  10718.3  46.0536  -38.1536  -4.95679
28694  neutron  5.11442e+06  37.6605  -10.8375  45.4471
29082  neutron  2.69142  -14.3785  51.4211  -27.3922
29319  neutron  3.84022e+06  -58.6308  -2.22089  -12.5973
32581  neutron  4.43015e+06  -26.1239  12.0378  52.6672
32756  neutron  9.42289e+06  51.7023  26.4223  -15.1634
35380  neutron  2.82444e+06  27.1911  53.0758  6.6939
36747  neutron  8404.68  -32.9375  -32.2655  -38.4091
38238  neutron  4.56464e+06  32.2901  33.3856  37.9994
38521  neutron  6.51078e+06  -13.3955  -14.9065  -56.5646
38605  neutron  0.396762  59.2791  -9.25632  1.22782
40679  neutron  3.81477e+06  42.1045  23.5079  -35.7182
41026  neutron  595.797  13.0357  19.5295  -55.2256
43432  neutron  183633  -41.4886  -17.5397  -39.6517
44015  neutron  682293  -39.3482  -22.0181  -39.5995
44808  neutron  4.40126e+06  41.0588  -21.5526  -38.0901
46980  neutron  2.30392e+06  37.5672  39.2909  -25.4191
48295  neutron  1.77528e+06  47.8129  35.9474  -4.78661
49677  neutron  226920  -27.2482  26.7596  -46.2889
49827  neutron  1.96315e+06  -32.0801  -36.7773  34.9213
50622  neutron  2.9049e+06  -27.111  -49.4731  20.4599
52581  neutron  5.64494e+06  39.4478  25.5833  -37.2903
52759  neutron  1.14966e+06  33.8588  20.4876  45.1114
55568  neutron  2.0135e+06  29.2566  46.7683  -23.6216
59751  neutron  7.66748  49.9259  32.5381  -7.06251
59928  neutron  813854  -25.8236  -52.6317  12.8158
61166  neutron  2.11725e+06  34.9496  10.2369  47.6962
61597  neutron  2.40768e+06  34.4541  -43.6308  -22.5934
64771  neutron  3.37583e+06  47.271  14.6831  33.9272
64850  neutron  2.99458e+06  -43.3256  -34.0234  -23.8012
65634  neutron  2674.43  59.4865  -6.00711  -5.14527
67248  neutron  26681.6  -29.1965  38.7099  -35.3597
68227  neutron  2.28795e+06  19.2686  -36.3013  -43.728
69440  neutron  2.04202e+06  -13.9683  41.1617  -41.3739
70809  neutron  6.90375e+06  23.0133  32.255  -45.0689
71539  neutron  2.69167e+06  43.1968  -18.7397  37.2029
72056  neutron  676.237  -6.06139  -57.3832  -16.4812
73207  neutron  4.08214e+06  -25.5868  -33.8335  42.4478
73642  neutron  2.20434e+06  -55.4568  22.9266  0.332603
74431  neutron  2.94833e+06  -17.9307  -17.2532  54.6079
75435  neutron  4.76784e+06  9.44108  53.13  26.254
77625  neutron  1.8247e+06  3.81001  9.85859  59.0719
78418  neutron  11.1496  2.38155  34.3868  49.1231
78976  neutron  3.28684e+06  9.93725  39.9369  43.6749
79070  neutron  7.12035e+06  -25.5528  -53.9001  6.56005
79659  neutron  982426  43.147  -15.6075  38.6774
79853  neutron  675169  -4.86625  41.157  43.4007
82060  neutron  27187.5  -29.6997  -43.8365  28.2398
82611  neutron  5.84364e+06  22.0161  -24.7321  -50.0481
82769  neutron  555418  57.9232  14.1274  6.82088
82884  neutron  0.104969  -53.4897  -27.1939  -0.735552
84160  neutron  2.84907e+06  50.9022  -20.5055  24.2836
84498  neutron  118.397  14.4992  -15.4936  56.1331
85009  neutron  14.8835  -51.8307  22.6121  -20.0865
85012  neutron  2.25746e+06  -13.4944  15.887  56.2735
85299  neutron  714029  1.35119  -25.722  -54.2011
85656  neutron  454763  44.2514  31.8762  -25.0384
86432  neutron  1.6289e+06  -12.4829  18.5352  55.694
87859  neutron  5.04329e+06  -31.4561  10.243  -50.0679
87960  neutron  486657  48.6766  -33.9939  -8.72937
88112  neutron  3.47392e+06  57.9554  8.39851  -13.1086
88643  neutron  1.28005e+06  -19.2673  53.6923  18.6307
88771  neutron  1.40006e+06  -30.3984  49.4452  15.2417
89461  neutron  2504.93  50.2722  15.3981  -28.9276
90460  neutron  1.39192e+06  -17.3531  -22.0399  -53.0501
91524  neutron  3397.31  32.385  -50.4723  -2.22683
92391  neutron  107.717  16.2151  -51.063  27.034
93140  neutron  3.00163e+06  -54.3892  25.3577  -0.0441087
93184  neutron  6.19168e+06  47.5491  31.4879  -18.6761
93735  neutron  1.65057e+06  -36.5364  43.101  -20.2139
93751  neutron  4.09459e+06  15.7279  9.88029  57.0632
95639  neutron  1.59179e+06  -25.5011  54.2987  1.5966
98030  neutron  2.62105e+06  21.1625  14.3551  -54.2888
99842  neutron  3.40231e+06  32.1254  -1.57664  50.6623
99861  neutron  13854.5  11.6996  3.95705  -58.7253
104640  neutron  5.30019e+06  -23.9525  -35.0451  42.4184
105626  neutron  961611  56.1658  -20.9744  2.58509
106310  neutron  4.99053e+06  27.6339  -38.1191  37.2089
107306  neutron  2.58687e+06  -32.2463  -44.3667  -24.351
108358  neutron  74.1857  45.5745  26.5235  -28.6474
108708  neutron  375951  23.9488  44.2597  32.6915
109107  neutron  2.14592e+06  19.5633  -38.836  -41.3551
111261  neutron  1.15626e+06  12.7374  -31.3201  -49.5783
111309  neutron  32.245  -25.5266  39.1702  -37.6203
112936  neutron  11732  6.27157  59.4867  4.81621
113042  neutron  5.8216e+06  23.1552  -16.6528  52.7989
113126  neutron  3.65811e+06  53.9773  8.46479  -24.8192
113966  neutron  25.8742  -55.7563  13.923  -17.2798
119305  neutron  5.55281e+06  -16.6281  0.243191  57.6597
120489  neutron  2.2032e+06  -7.8259  -1.9982  59.464
121160  neutron  4.84268e+06  -8.45263  -57.7715  13.8638
121724  neutron  3.05643e+06  -1.71886  -2.63769  -59.9274
122862  neutron  322709  -43.875  11.7132  39.2299
125319  neutron  6.14592e+06  -23.3061  35.1369  42.7015
125889  neutron  773286  -44.8781  -36.3033  -16.4081
130080  neutron  10481.5  -3.68513  20.45  -56.2976
133108  neutron  35.8725  58.4973  8.40184  10.4246
133586  neutron  5.81866e+06  34.3514  -1.57005  49.1804
135661  neutron  4.56675e+06  -56.6253  19.5141  -3.73859
135861  neutron  1263.22  7.47277  58.2309  12.4305
137169  neutron  1.11904  -5.08325  19.6199  -56.4838
137901  neutron  150375  -25.3259  21.4826  -49.983
138840  neutron  1.26329e+06  -0.235395  -47.4431  -36.7464
139159  neutron  5.7354e+06  -54.0265  2.23789  26.0255
139840  neutron  997081  -16.5218  55.8085  14.6164
140803  neutron  5528.51  -2.4994  36.8242  -47.3174
141150  neutron  1.61671e+06  -44.1603  40.4506  3.84879
141704  neutron  5.94406e+06  43.7122  -35.6219  20.531
142827  neutron  266133  -39.2072  -23.0068  -39.175
143328  neutron  37.7342  26.531  -29.3583  45.1154
143901  neutron  1.07512e+06  -54.8817  8.34561  -22.7937
144302  neutron  259131  45.2868  -21.136  33.2201
146637  neutron  209.853  -48.9596  -34.6997  0.291013
151400  neutron  580802  48.8549  -24.0699  -25.1999
152347  neutron  1.91902e+06  37.008  -28.1084  37.9674
152817  neutron  2.56971e+06  -4.40913  -28.4718  52.6414
153204  neutron  5.33049e+06  -33.9527  12.4568  -47.8878
153430  neutron  816037  35.5889  29.1937  -38.5014
155266  neutron  993.216  -47.6833  30.1061  -20.5214
157603  neutron  4.97485e+06  48.7714  34.9012  2.11186
160110  neutron  24449.5  -59.432  -6.5973  -5.0514
161938  neutron  1.50659e+06  18.6624  -51.3992  -24.7191
162787  neutron  7997.47  10.3741  1.12991  -59.0957
164192  neutron  2.26999e+06  19.7897  54.5007  15.4675
167568  neutron  2.31162e+06  18.722  3.93601  -56.8788
168076  neutron  4.9422e+06  9.30653  -35.1892  47.7107
168902  neutron  4.13443e+06  30.4021  51.2617  7.01067
171384  neutron  0.0143684  4.69473  -32.7134  50.0899
172486  neutron  574357  -6.44213  -54.1913  -24.96
174787  neutron  455466  18.0589  42.2223  -38.631
174903  neutron  2.17713e+06  -34.251  43.7333  -22.7038
175896  neutron  284204  -53.6523  7.6749  -25.7628
177243  neutron  1.78548e+06  -2.42937  -59.9252  2.06719
179884  neutron  3.68751e+06  6.31208  39.9613  44.3221
182032  neutron  1.7633e+06  -58.261  9.24327  11.0192
182928  neutron  6.03385  4.94827  38.1463  46.0605
183011  neutron  257987  -49.3922  -6.39464  33.4771
183251  neutron  467792  -36.2598  23.1327  -41.8486
183621  neutron  13582.5  39.5132  -10.1016  -44.0212
185162  neutron  3.03334e+06  43.6787  -11.4579  39.5233
187993  neutron  2.63544e+06  54.5822  21.8683  -11.9898
188010  neutron  2395.68  6.88287  -59.5219  3.31201
188172  neutron  88234.9  -59.2362  -0.504485  -9.5928
188251  neutron  2.10545e+06  45.3976  2.854  39.1422
188291  neutron  1.27806e+06  48.8697  -34.8126  1.01829
188805  neutron  1.06511e+06  9.9926  -58.4611  -9.14577
189089  neutron  2.14957e+06  -13.9237  -51.125  -28.1702
189923  neutron  648.208  44.7833  -29.9394  -26.444
190830  neutron  425391  37.1373  28.0019  37.9198
191073  neutron  6.61496e+06  -22.0024  55.7673  -2.66536
191651  neutron  774588  -43.3834  -23.3652  -34.2513
191809  neutron  579656  -18.1358  56.9181  -5.71122
192733  neutron  3.19809e+06  15.9831  28.9606  50.0702
196132  neutron  1.91776e+06  -34.6445  -32.6809  36.5092
197838  neutron  2.75233e+06  -37.0523  36.141  -30.367
199117  neutron  2.8405e+06  18.8083  -56.9863  0.0483835
199459  neutron  3.14777e+06  -56.536  -16.173  11.9713
200127  neutron  1.81324e+06  -9.58791  -2.24764  59.1965
200561  neutron  2.9645e+06  5.34625  -50.7337  31.6023
200857  neutron  2.31364e+06  56.7845  -18.1897  6.77161
200875  neutron  901197  -19.2834  -35.8688  44.077
201052  neutron  3.22483e+06  22.8441  -22.7234  50.626
201351  neutron  938581  -15.5282  57.9319  1.99134
202393  neutron  858.947  53.2844  -15.717  -22.6925
203947  neutron  931396  -8.77348  -41.6594  -42.2932
204479  neutron  0.614736  57.8357  -15.3529  4.52943
204876  neutron  1.32744e+06  12.1649  -14.8335  56.8611
205763  neutron  6.25301e+06  38.4104  -44.0391  13.6529
206460  neutron  2.46711e+06  43.877  -14.874  -38.1414
206693  neutron  3.27874e+06  16.7729  35.6731  -45.2471
207006  neutron  2.94858e+06  -24.8225  -48.0235  26.0536
207789  neutron  117.374  44.659  -31.9044  24.2669
209199  neutron  4.41854e+06  21.3731  -48.9993  27.2664
212367  neutron  6.68853e+06  -9.57985  59.1535  -3.20705
212451  neutron  688315  -22.1241  25.3588  -49.6856
214846  neutron  12393.6  40.1973  -42.5354  -13.271
217222  neutron  5.94868e+06  17.566  -55.3908  -14.9832
217986  neutron  5.22364e+06  -28.8769  -38.2061  -36.161
218268  neutron  3.30829e+06  -55.8787  -1.46493  21.8319
219018  neutron  3.4336e+06  9.54093  -4.35371  59.0865
220240  neutron  2.5202e+06  19.2034  -26.2405  -50.4368
220890  neutron  601.772  25.4283  -49.9875  -21.3507
221445  neutron  3.51957e+06  -41.5201  34.3137  -26.4547
223273  neutron  312739  -56.9425  18.7446  2.71822
223995  neutron  1.69347e+06  54.382  16.7027  -19.1001
226650  neutron  186935  37.9268  26.5486  38.1829
227379  neutron  1.3111e+06  58.7529  6.31918  10.4575
229783  neutron  4.01526e+06  4.37104  59.3296  7.87971
231574  neutron  441503  -5.58784  -46.0083  38.121
234762  neutron  2.09715e+06  -54.7746  18.9274  -15.5787
234765  neutron  2.21182e+06  -2.93057  8.51969  59.3298
235852  neutron  5.72467e+06  -7.18098  -58.4184  -11.7013
235906  neutron  7.54997e+06  34.7853  -37.632  31.2252
236633  neutron  1.34628e+06  45.1956  7.70744  -38.7189
237184  neutron  1.97485e+06  -50.7481  -15.9968  27.7476
237381  neutron  1909.59  57.4721  -11.2511  -13.0986
237948  neutron  5.49072e+06  -4.27765  -12.898  -58.4512
238243  neutron  7.12766e+06  -13.7033  42.8586  -39.7059
238327  neutron  3.59227e+06  -1.73182  36.8147  47.359
239618  neutron  2.24955e+06  -8.88211  49.8902  32.1447
240438  neutron  0.322956  -31.9083  40.3682  -30.8782
240448  neutron  226459  -25.3007  3.19888  54.3216
240872  neutron  350972  26.8165  53.6366  -2.27899
242215  neutron  12.6999  36.953  46.9144  5.89165
244508  neutron  2.51296e+06  24.5386  -38.5931  -38.854
244700  neutron  1.98488e+06  4.54712  7.10173  -59.4146
245519  neutron  3.78879e+06  -48.5085  -10.728  -33.6606
245825  neutron  2.93797e+06  -59.3721  -8.72657  0.0634011
246483  neutron  167921  -27.0958  35.9597  39.6726
250256  neutron  5.99241e+06  25.8727  -1.68242  54.12
251132  neutron  1.00566e+06  7.72213  -58.7779  -9.3128
252841  neutron  2.65543e+06  16.5328  29.8741  -49.3498
253400  neutron  288978  -12.1632  -52.4759  26.4488
254721  neutron  256671  -40.9809  -29.6928  -32.2506
256201  neutron  4.31445e+06  40.8087  43.9912  0.789533
257535  neutron  6.21721e+06  1.70433  -56.9251  18.9162
260927  neutron  1.21772e+06  -9.04101  16.7389  56.9146
261157  neutron  1.06744e+06  -55.6442  16.4966  -15.2573
264832  neutron  257957  33.5418  -37.3928  32.8319
265840  neutron  2.10505e+06  56.8913  15.1353  11.6407
269317  neutron  3334.1  26.2566  -53.3512  -8.08959
270126  neutron  6.76649e+06  41.9681  -41.9384  9.00263
270145  neutron  2.04406e+06  3.52386  27.5105  -53.2161
270575  neutron  4.34327e+06  -51.0405  29.571  -11.0282
270797  neutron  4.05932e+06  16.9853  -46.7053  33.6351
274229  neutron  276.61  -55.1101  -10.9533  -21.0736
274278  neutron  1.8372e+06  -45.2942  -23.0429  31.9165
275631  neutron  3.66755e+06  40.4743  -27.6982  34.5809
276128  neutron  1084.2  -48.3443  3.19228  35.4095
276420  neutron  70.6757  21.0646  20.8233  -52.1907
276664  neutron  934072  -23.9089  -11.1496  53.9004
277628  neutron  2.24348e+06  -18.5749  47.4599  31.6818
278319  neutron  2.29106e+06  -17.6523  31.798  47.7335
278504  neutron  1.57768e+06  57.9895  -4.01368  14.9099
280588  neutron  2.70137e+06  -55.053  -18.3699  15.2615
280802  neutron  2.89189e+06  -20.3226  -55.9951  7.26194
281199  neutron  4.88174e+06  15.706  46.2413  -34.875
281962  neutron  890817  -32.0477  37.6732  33.9835
283944  neutron  2.88017e+06  -31.789  -48.5398  -15.3149
284027  neutron  3.01385e+06  -19.2139  -29.6585  48.5016
284515  neutron  248.388  52.9638  -10.3491  -26.2475
284974  neutron  360242  -21.6823  46.0201  31.8313
286216  neutron  2.4758e+06  39.7333  42.2084  -15.5214
287950  neutron  4.05865e+06  14.8821  5.10558  57.9108
288321  neutron  1.3704e+06  -27.6883  52.7859  6.94343
288391  neutron  4.22734e+06  10.9552  47.9897  -34.3245
290085  neutron  2.24378e+06  -21.6468  34.5211  44.0558
291633  neutron  2.05388e+06  38.418  46.0064  2.94484
292652  neutron  68.4531  -6.23364  59.3983  -5.84709
292741  neutron  4.26367e+06  4.85606  -37.0197  46.9805
293963  neutron  982630  56.4815  9.61705  17.8482
295436  neutron  5.10353e+06  -44.0062  35.0473  -20.8888
296338  neutron  3.55118e+06  42.4937  13.7859  40.0678
296726  neutron  1.35797  16.5891  53.3433  -21.9203
297031  neutron  3.14005e+06  4.66429  14.2018  -58.1184
298423  neutron  1.80317e+06  -7.35886  -53.5468  -26.0727
299503  neutron  538232  36.5888  -32.0032  -35.1889
300489  neutron  1.61407e+06  53.8291  5.71355  25.9033
301318  neutron  7.09071e+06  -34.8799  45.8075  16.9196
301700  neutron  1.85864e+06  -21.1043  -52.2234  -20.701
302362  neutron  4.99018e+06  -56.655  -2.20879  19.6605
302436  neutron  874289  3.9989  6.71822  -59.4985
304463  neutron  1.04364  35.2129  17.4653  45.3455
304651  neutron  2.67462e+06  15.2557  10.4113  57.097
305887  neutron  4407.66  -54.0974  22.6703  12.678
308628  neutron  3.99289e+06  -31.2321  36.2582  36.209
309521  neutron  6.23202e+06  -33.6564  48.9005  -8.78531
310196  neutron  7.67968e+06  59.3644  -8.05267  3.49561
310980  neutron  3.63883e+06  46.1337  -37.5575  -7.89374
311132  neutron  4.19529e+06  1.9326  -59.8305  4.21604
311277  neutron  5.46593e+06  -32.7029  -32.3857  -38.5082
311561  neutron  4.47658e+06  -55.0506  -20.0878  12.9271
311757  neutron  2.95587e+06  41.8815  27.9437  32.654
311958  neutron  2.38194e+06  -33.8492  47.5131  -14.0691
313327  neutron  1.04499e+06  2.98605  -0.658639  -59.932
313839  neutron  2.01338e+06  31.6485  -37.8612  34.1482
314512  neutron  4.50205e+06  -4.14884  -57.4467  -16.8483
317756  neutron  0.544796  -41.0004  -13.0226  -41.8399
320039  neutron  2.69868e+06  -22.7471  -16.4284  -53.046
320532  neutron  4.5105e+06  41.1387  -8.79037  -42.7965
321263  neutron  3.25931e+06  6.91612  56.3642  -19.4021
321540  neutron  345333  -28.4259  31.0023  -42.8022
321819  neutron  37815.3  -17.2549  -6.75713  57.0772
322210  neutron  1.27239e+06  16.4385  26.6337  -51.2018
322286  neutron  3.16566e+06  41.8679  42.1  8.71057
324051  neutron  3.21055  -24.6951  -53.2209  -12.6049
324384  neutron  2436.9  -1.85777  -32.6659  -50.3059
324490  neutron  2.28076e+06  30.8659  36.1488  -36.6301
325130  neutron  1.17542e+06  8.58361  -27.9482  52.4063
326860  neutron  52.6326  10.5387  31.0794  50.2415
327151  neutron  1.85553e+06  -17.2958  -5.37413  57.2117
328254  neutron  185401  -21.2649  40.4207  -38.9252
329217  neutron  2.66052e+06  -38.9616  -32.9422  31.5912
329460  neutron  3.35836e+06  -52.9173  24.9269  13.402
330868  neutron  5.56192e+06  -23.6671  -52.2999  -17.4869
332264  neutron  5.43199e+06  -20.3977  -28.4048  48.7679
333349  neutron  6.18234e+06  -25.0435  -27.0811  47.3354
335087  neutron  7.23218e+06  32.4159  -50.4743  -1.65929
335394  neutron  4.03372e+06  40.9566  1.47241  -43.836
335435  neutron  4.71409e+06  -59.7605  -1.54479  5.24338
335519  neutron  3.69281e+06  14.0233  57.0245  12.3596
336065  neutron  2.75274e+06  -56.5429  9.45295  17.7411
336139  neutron  285939  -39.2673  34.0165  -30.0359
336737  neutron  5.81719e+06  21.5278  23.7861  -50.7146
337420  neutron  131.364  -17.0582  -35.5957  45.2014
338915  neutron  2.72166e+06  -57.5296  -13.3942  -10.5897
339293  neutron  445.937  -37.3599  41.4804  22.0184
339434  neutron  814944  -2.67622  -16.5566  57.6187
341040  neutron  4.52364e+06  -52.8387  19.5869  20.6308
341900  neutron  1.40938e+06  -24.3139  52.9541  -14.3493
342929  neutron  223942  56.4536  14.2874  -14.4934
343217  neutron  617646  -11.8926  12.924  -57.3824
343242  neutron  2.88686e+06  12.2637  3.20568  -58.656
344097  neutron  4.29711e+06  21.3502  55.8245  -5.38481
344307  neutron  40.2984  -52.4107  22.9223  -18.1351
345303  neutron  1555.49  -18.2136  -1.83486  -57.1498
345526  neutron  2.56905e+06  40.4395  32.1406  -30.5422
345963  neutron  51311.8  -0.664879  26.5898  -53.7935
346884  neutron  1.20119e+06  -6.55516  -23.4444  -54.8506
347279  neutron  6.97232e+06  -10.3031  58.1086  10.8829
348630  neutron  7.30796e+06  -41.1347  17.7443  39.9284
349879  neutron  4.68236e+06  -38.8639  33.6697  -30.9378
350297  neutron  3.92577e+06  -39.2428  39.8506  21.7517
350509  neutron  3.97955e+06  -20.1143  -4.6048  -56.3508
351014  neutron  2.99052e+06  -23.9235  44.2208  -32.7626
351228  neutron  67569.8  45.007  -38.1367  11.0077
352228  neutron  1597.06  43.4159  -41.4257  -0.414155
352331  neutron  2.88342e+06  2.02843  54.9503  -24.0324
352397  neutron  707.585  -18.0537  -1.49974  57.2103
353170  neutron  3.05576e+06  -28.7894  48.1157  21.3833
353580  neutron  2.32945e+06  -24.4024  53.0785  13.7256
354085  neutron  3.37109e+06  32.177  46.7879  -19.4096
354251  neutron  3.03127e+06  19.2921  56.7844  2.13152
354968  neutron  151402  -39.6483  30.8304  -32.8435
359560  neutron  2.75506e+06  52.7167  27.853  6.80884
359854  neutron  1.52576e+06  -15.2808  42.4806  -39.536
360202  neutron  3.55549e+06  -18.5381  3.01923  56.9949
360322  neutron  223.21  -35.5881  31.9099  36.2828
360924  neutron  334767  41.2885  36.509  -23.7392
361331  neutron  1.35461e+06  58.3058  14.0951  -1.71963
366902  neutron  2.90279e+06  35.8528  -45.2056  16.4995
366936  neutron  5.10933e+06  6.2513  -16.2166  57.4382
369201  neutron  1.94138e+06  -50.773  22.3409  -22.8952
370479  neutron  95.2055  34.6141  -29.393  -39.2316
371621  neutron  693880  -1.81499  -48.6707  -35.0581
372013  neutron  10697.1  50.9212  12.2312  -29.3024
373601  neutron  787391  -35.9249  -37.6186  -29.924
374427  neutron  5.39596e+06  35.4205  -34.3192  -34.1875
378074  neutron  3784.49  29.3636  48.2159  20.352
381671  neutron  6.75506e+06  -55.4185  3.69971  22.7224
382094  neutron  13181.3  -21.7457  46.2952  -31.386
382432  neutron  2.00147e+06  11.8112  27.4151  52.0587
382826  neutron  2.65415e+06  -45.997  18.1245  34.0144
383915  neutron  325135  -42.9349  40.4439  -11.0492
384805  neutron  1.71784e+06  36.2457  42.2263  22.4588
386492  neutron  446551  46.0934  -0.0337033  38.4266
386964  neutron  9011.04  49.2781  -27.2061  20.8014
388214  neutron  2.77217e+06  56.5607  -17.5251  9.74433
389545  neutron  6.93323e+06  -54.7072  -22.9942  -8.9213
390078  neutron  275.004  -13.1468  58.5151  2.08495
391076  neutron  16801.4  -21.9973  7.69746  55.2998
391241  neutron  4.7426e+06  49.599  32.9885  -7.2729
391912  neutron  734.832  36.6742  33.1582  -34.0108
393176  neutron  5.25796e+06  55.6235  7.79312  -21.1305
394690  neutron  1.80233e+06  44.2617  40.4655  -2.15602
395081  neutron  1.77573e+06  -32.658  -45.6751  21.1763
395226  neutron  226.884  58.3843  -4.53557  13.1114
396810  neutron  1.86434e+06  -40.091  -11.5301  -43.139
397319  neutron  77711.5  41.3513  -31.5162  29.9667
397581  neutron  54172.8  47.0947  -37.134  -2.08649
398491  neutron  2.37887e+06  7.91386  32.4543  -49.8527
399051  neutron  473.838  37.5569  -34.5977  31.5227
399109  neutron  5.3172e+06  -25.3075  20.3488  50.4644
400483  neutron  731279  -45.2383  37.8978  -10.8836
402520  neutron  6.79502e+06  33.712  -41.0329  -27.9464
402924  neutron  4.17585e+06  -43.8673  30.9162  26.8524
404251  neutron  1.29299e+06  -10.7394  43.0107  -40.4468
408943  neutron  5.11711e+06  -30.4077  -45.0932  -25.3609
409933  neutron  2.05411e+06  -44.5881  35.8183  -18.1699
410526  neutron  5.99255e+06  47.2589  -34.4357  13.4898
410605  neutron  6.50136e+06  -46.6332  -29.702  23.331
412466  neutron  3.33008e+06  55.6385  13.9431  17.6393
412642  neutron  1.27123e+06  -52.8554  -28.167  3.75843
413918  neutron  46.4532  -19.7731  14.6  54.7454
413977  neutron  6.17304e+06  11.9196  -46.6761  35.7836
414138  neutron  600.562  11.8949  44.8134  38.0982
414994  neutron  95050.6  -42.4722  -42.3862  -0.848257
418307  neutron  2.26134e+06  7.1144  57.9838  13.7281
418468  neutron  9.17577  -0.186399  -30.1032  -51.913
419968  neutron  2.04081e+06  -2.20011  41.1471  -43.6266
420356  neutron  13.4466  25.7201  16.549  -51.6315
420984  neutron  4.81838e+06  -30.6698  28.4661  -43.0145
421313  neutron  6.32173e+06  -42.1302  41.8841  -8.4833
422467  neutron  1.91428e+06  -56.9058  -13.0748  13.8557
422791  neutron  2.52989e+06  27.7589  -46.3464  -26.1276
423189  neutron  3.73803e+06  30.0026  -13.2002  50.2673
423537  neutron  3.77886e+06  54.1515  19.5404  -16.9409
423846  neutron  325260  -25.0738  -49.5628  -22.7164
425086  neutron  365055  42.799  39.6855  -13.9465
426434  neutron  687663  -1.56089  -10.6956  -59.0285
426509  neutron  5.03459e+06  50.0447  32.6189  -5.72158
426814  neutron  4.80116e+06  46.7822  36.0048  -10.7833
427300  neutron  2.00363e+06  -16.9191  -57.5224  2.47296
428079  neutron  335151  42.1147  38.1292  19.3318
428489  neutron  2.37116e+06  -25.3802  54.3692  1.01942
428673  neutron  2484.01  46.0243  35.5731  14.7486
430319  neutron  2.1038e+06  -28.4137  -3.20148  -52.7599
432526  neutron  261.355  51.0684  -30.8436  6.47259
432710  neutron  5.86525e+06  -13.033  -32.2406  -48.9069
433173  neutron  6.18984e+06  -18.3536  20.3125  53.4017
435654  neutron  3.88631e+06  -16.4429  12.0088  56.4502
439048  neutron  0.595621  13.7924  -12.9932  56.9399
442416  neutron  1.15343e+06  -46.8172  -10.959  -35.9061
443268  neutron  1.68966e+06  34.9141  43.5544  22.0276
443821  neutron  26042.1  -21.3637  36.9704  42.1661
447709  neutron  3.44678e+06  -38.3959  -42.4774  -17.9618
448043  neutron  7.76134e+06  -21.3839  -51.8436  21.3581
448853  neutron  7.36661e+06  -51.6267  -3.88833  30.3442
450334  neutron  134.687  -15.1577  51.7906  26.2522
452175  neutron  3.22357e+06  29.9995  -48.6212  -18.3633
452848  neutron  1916.57  -41.5834  -41.9083  -10.7572
454532  neutron  18.8409  -52.7896  6.74269  27.7308
454832  neutron  1.66368e+06  43.1694  23.7192  34.2784
457651  neutron  1.00872e+06  -24.848  25.0722  -48.53
457836  neutron  3.3382e+06  -49.753  33.1173  -5.39308
457875  neutron  4.71273e+06  47.8822  27.2976  -23.7346
458568  neutron  1.75412e+06  28.7042  1.76913  -52.6701
462023  neutron  2.36225e+06  -27.5846  19.7238  49.5102
464387  neutron  1246.81  23.2924  34.7852  -42.996
464619  neutron  1.1017e+06  -4.54792  -53.8494  -26.0913
466712  neutron  6.30033e+06  16.9273  -42.6396  38.685
467621  neutron  1.04253e+06  -32.9681  -1.81279  50.11
469907  neutron  7791.97  -46.8988  5.17786  37.0796
470118  neutron  3.6601e+06  -30.5285  43.5709  -27.7631
470217  neutron  1.92608e+06  10.915  52.4179  -27.1002
470347  neutron  162.19  -59.2238  -5.46589  -7.99194
470547  neutron  2.37587e+06  47.8175  -35.4715  7.51374
470959  neutron  26151.9  -23.8603  -36.5859  41.1504
471285  neutron  2.78332e+06  -1.3815  -44.0419  40.7382
471400  neutron  2.83522e+06  58.3563  -8.80694  -10.8709
471971  neutron  150827  -22.1111  49.0658  -26.5489
472615  neutron  4921.96  -10.2407  -29.133  51.4548
473446  neutron  7.12991e+06  -26.6329  4.8628  -53.556
474023  neutron  1.83525e+06  -18.5275  -40.1883  40.5319
475687  neutron  2.44682e+06  -28.8097  -37.4567  -36.9892
476205  neutron  1.28938e+06  21.5259  -39.1613  -40.0528
476517  neutron  4.67945e+06  -10.4237  36.6783  46.3384
476769  neutron  3.78216e+06  16.84  46.6014  -33.8515
477549  neutron  613336  4.72326  59.4616  6.57378
478468  neutron  6.08002e+06  58.501  -2.18683  -13.1929
478931  neutron  1.29765e+06  2.56584  59.859  3.39316
479669  neutron  1.53006e+06  -52.8726  -22.9699  -16.6756
480553  neutron  9.57287e+06  -58.6163  -11.9682  -4.69992
481539  neutron  3.63481e+06  -19.9436  35.0175  -44.466
483865  neutron  1.2534e+06  26.2966  -36.5333  39.6863
485564  neutron  2.12253e+06  -20.3257  -38.1652  41.6111
486647  neutron  1.97019e+06  -55.3665  5.12673  -22.5715
487508  neutron  178316  -2.71627  2.02714  59.9142
488178  neutron  4.05428e+06  -13.6276  4.41011  -58.2755
488747  neutron  1108.27  -14.5498  40.4758  -41.8475
488781  neutron  318136  -21.2529  35.8052  43.2146
489611  neutron  798917  17.4973  -1.06269  -57.3926
489924  neutron  23.1367  25.8505  21.1454  49.858
490510  neutron  5.13067e+06  8.60847  52.4132  -27.9277
492290  neutron  6.484e+06  15.8825  57.8701  -0.0267872
492465  neutron  1.25236e+06  19.5803  -55.3405  12.4594
492810  neutron  5.56081e+06  -24.6885  -41.3947  -35.7513
493566  neutron  1.44711e+06  -15.8099  57.4096  -7.44186
493937  neutron  4.48583e+06  25.1982  37.215  -39.7655
494256  neutron  696544  38.3337  -45.0914  -9.92419
494883  neutron  181082  34.9137  10.4627  -47.6735
495206  neutron  2.92734e+06  -41.1964  -42.9089  7.92996
495682  neutron  6.4395e+06  -44.4746  14.5239  -37.5801
496344  neutron  4.54622e+06  11.1838  42.3588  -41.0105
496826  neutron  6.00786e+06  14.2208  -25.96  -52.202
501473  neutron  3.1599e+06  -25.5739  -2.68071  54.2217
502773  neutron  3.46602e+06  52.6512  5.14225  -28.3303
505589  neutron  783585  28.6926  -41.0187  33.0968
506481  neutron  18792.8  -5.23923  5.93333  59.4857
507033  neutron  668180  18.2427  -51.4918  -24.8394
508214  neutron  4.14573e+06  28.6827  52.6036  3.37061
511981  neutron  3.25465e+06  -36.3678  -47.3907  5.71906
512920  neutron  5.25099e+06  29.44  17.2567  -49.3629
513028  neutron  3.52189e+06  -53.9342  -18.193  19.0082
514055  neutron  1.94568e+06  21.5861  43.7436  34.9533
514548  neutron  5.41433e+06  27.0918  48.1923  23.3395
514861  neutron  334.32  -4.30371  -23.0616  55.2344
515208  neutron  152257  47.4943  34.3026  12.9931
515570  neutron  5.83015e+06  35.5441  0.0819924  48.3509
516137  neutron  6.55709e+06  -49.2646  12.4849  31.9113
518021  neutron  7.48133e+06  11.599  53.7001  -24.1445
518043  neutron  1.74055e+06  24.6224  -51.2991  19.0615
518423  neutron  461912  52.1581  -28.3322  -8.83285
521193  neutron  4.82648e+06  6.48778  57.1188  17.2207
522301  neutron  97.5521  42.6864  37.3738  19.5519
522513  neutron  1.13091e+06  43.1544  40.3466  10.5379
522715  neutron  3.0587e+06  -6.97061  46.3642  -37.4562
522941  neutron  1.01399e+06  44.8981  18.044  35.4933
523071  neutron  8118.15  19.9453  50.3171  25.9148
523459  neutron  1.68657e+06  5.25577  -10.3076  58.884
525122  neutron  211882  -15.3633  5.86432  57.7129
526292  neutron  4.71907e+06  -33.0299  -10.4969  -48.9902
526389  neutron  1.16585e+06  -21.212  -1.46872  56.1168
527684  neutron  1.36544e+06  -35.1538  -48.6289  -0.798867
528641  neutron  2.42903e+06  56.2114  7.37759  -19.6737
529498  neutron  5.46663e+06  -59.8082  4.83717  0.883563
530986  neutron  919826  -45.0139  31.5595  24.0613
532341  neutron  1284.01  -10.6845  52.2287  -27.5537
532900  neutron  2.96375e+06  -57.5206  16.2103  -5.45982
533937  neutron  547079  -32.3948  -12.3766  -48.9755
534943  neutron  753316  -7.17892  59.2223  -6.50991
535280  neutron  4.26926e+06  13.3884  27.8019  51.4685
535613  neutron  1.94513e+06  -34.7899  17.5266  -45.6474
536742  neutron  1.12863e+06  -25.3839  12.2167  -52.9869
538950  neutron  6.51849e+06  45.5282  -32.5541  -21.6475
539158  neutron  7229.36  42.7745  38.3182  17.4141
539606  neutron  38858  -23.564  -17.6918  52.2775
541079  neutron  8.94985e+06  -37.7451  21.5932  41.3551
541445  neutron  2.36195e+06  31.7566  -13.8452  49.0003
542485  neutron  2.26089e+06  3.17447  -50.3982  32.4213
542678  neutron  477.565  -55.8312  21.9126  -1.97856
544186  neutron  13.2617  37.1232  45.8578  10.9604
544537  neutron  2.69119e+06  45.0265  13.6779  -37.2389
544578  neutron  2.61117e+06  -7.91087  -23.178  54.785
545995  neutron  3.09471e+06  10.9047  0.554703  59.0083
548491  neutron  1.65443e+06  18.2191  -50.1858  -27.3981
549187  neutron  4.08983e+06  -18.0968  14.8988  55.2425
550461  neutron  5.17944e+06  -39.6087  14.5958  42.6534
550599  neutron  2.96072e+06  27.3056  32.8334  42.1613
550731  neutron  4199  51.6105  -30.6195  -0.0204502
551346  neutron  92340.1  53.6078  -15.1673  -22.3015
551936  neutron  6.48952e+06  24.202  -46.0612  -29.8971
553477  neutron  558638  37.9413  34.9722  -30.6367
553557  neutron  2.50351e+06  -18.21  53.2598  -20.8084
553625  neutron  39.977  31.5224  -30.0716  -41.2703
554111  neutron  0.0367587  8.30506  8.31959  58.8473
555385  neutron  528444  -58.4651  5.77804  12.2332
555608  neutron  3.97341e+06  47.7163  -26.4564  24.9883
557408  neutron  1.62002e+06  49.6034  -15.1684  30.1765
557502  neutron  3.25914e+06  -15.4784  51.5605  26.5167
557957  neutron  2.05911e+06  3.35286  -41.6784  -43.045
559099  neutron  2.50529e+06  -48.4417  27.3811  -22.4695
559144  neutron  6.14033e+06  27.8119  -53.0452  3.72963
559590  neutron  7.36089e+06  -20.2818  38.9121  40.9353
559907  neutron  194761  -36.0001  -35.0028  -32.8633
561217  neutron  648.392  13.4483  -49.0573  -31.839
563234  neutron  4.18127e+06  -49.7337  12.0914  -31.3299
563256  neutron  2.93705e+06  49.1496  27.5332  20.6745
564173  neutron  4.02508e+06  3.22113  31.1031  51.2193
564999  neutron  4.15714e+06  35.3951  -45.8251  -15.7622
565308  neutron  6.50528e+06  24.7946  27.7629  -47.0707
566541  neutron  4.27631e+06  -0.522517  -59.2071  -9.76938
567573  neutron  151761  -1.52449  -38.7253  45.8173
568228  neutron  1.89171e+06  35.0531  -6.93072  48.2125
570262  neutron  2.53057e+06  -9.55713  7.93001  -58.711
570958  neutron  2.32515e+06  -36.9265  -45.0025  14.5743
571109  neutron  43.7205  -54.5784  20.9646  13.5234
571464  neutron  3.5865e+06  29.6204  9.84816  -51.2528
571590  neutron  566076  -45.2534  29.031  26.6557
574401  neutron  2.29622e+06  -51.7186  19.5847  -23.2986
576370  neutron  1.98763e+06  -9.10029  25.3756  53.614
576654  neutron  373002  14.5913  -52.6641  24.7949
577153  neutron  1.17688e+06  -49.4926  -20.8306  -26.7913
577600  neutron  1.69564e+06  -12.8479  -47.0056  -35.023
578044  neutron  3.05594e+06  34.2738  43.2434  23.5906
579615  neutron  2.80534e+06  -38.1546  -45.3928  -9.21521
579671  neutron  3.9093e+06  38.2878  -27.9825  36.7726
580458  neutron  3.98767e+06  -17.124  -43.2384  -37.9264
580471  neutron  2.07099e+06  29.661  -33.7616  39.7691
582988  neutron  64.4865  -8.46566  47.5999  35.5498
583574  neutron  3.96749e+06  26.7248  53.1232  -8.05629
583742  neutron  4.12769e+06  3.29501  -35.3608  48.3731
584252  neutron  3.9168e+06  33.3044  -26.2584  -42.456
586263  neutron  345020  -33.9775  -47.0453  -15.2797
586777  neutron  2.00849e+06  -29.4824  45.1537  26.3274
587049  neutron  370.542  -8.66143  -39.2699  -44.5427
588453  neutron  380693  27.5808  -45.6547  27.4981
589256  neutron  2.59999e+06  53.3967  27.2445  -2.78085
589305  neutron  386350  36.0748  45.5071  15.1299
589358  neutron  1.15433e+06  -18.112  -29.9827  48.7257
589477  neutron  2.3715e+06  -10.303  35.6626  47.1511
589993  neutron  2.11737e+06  -39.3988  18.5999  -41.2672
592143  neutron  2.44076e+06  29.0666  48.4388  20.2489
592618  neutron  1.95456e+06  -21.4018  -56.0619  -0.476978
593337  neutron  2.52644e+06  29.7258  -37.1328  -36.5887
594667  neutron  993994  19.2137  56.7212  3.83879
596071  neutron  40551  -51.9854  5.40495  -29.4874
596565  neutron  1.37015e+06  59.5701  5.8834  -4.24116
598579  neutron  31.7866  -53.0554  6.8567  -27.1903
599537  neutron  5.91549e+06  11.0235  11.714  57.8141
600085  neutron  7.15677e+06  27.1895  -9.3849  -52.6674
600094  neutron  4.94447e+06  -36.9365  33.1474  -33.7364
601087  neutron  2.4066e+06  -33.8795  43.9774  -22.7896
601278  neutron  8.07987e+06  6.04841  20.7918  -55.9671
601565  neutron  15538.2  -7.28594  -21.5887  -55.5162
604842  neutron  3057.93  30.2134  -51.1856  8.26913
606053  neutron  18766.8  29.2514  33.7591  40.0735
608336  neutron  5.8561e+06  -5.73571  45.9937  38.1167
609700  neutron  2.75126e+06  -25.1819  -44.4997  -31.4141
610684  neutron  3121.75  -4.1362  23.0402  -55.2561
611647  neutron  1.53713e+06  -44.6964  -32.7989  -22.971
612563  neutron  3.95675e+06  3.84626  2.66223  59.8274
614811  neutron  1.56016e+06  45.1342  37.7612  -11.7558
618009  neutron  2.69389e+06  55.7374  22.1398  2.08995
618274  neutron  716023  -56.1274  6.28667  20.2829
620047  neutron  1.71127e+06  33.5699  -47.4608  14.8908
621416  neutron  5.46786e+06  -13.0008  29.1662  50.8086
622629  neutron  2.35412e+06  -6.54667  54.8165  23.5264
623217  neutron  2.79584e+06  27.5329  -6.8638  52.8775
623218  neutron  256319  39.9266  42.7582  13.3715
624429  neutron  1.99302e+06  -50.7738  -27.2863  16.6937
625474  neutron  1.44975e+06  -20.9324  13.0922  -54.6958
625681  neutron  95538.8  6.40337  37.182  -46.6658
629062  neutron  84440.5  -11.516  -5.18914  -58.6656
631440  neutron  1.93191  0.909641  -31.7168  -50.9354
631764  neutron  2.29125e+06  -32.5117  -40.178  -30.4946
631880  neutron  7.06894e+06  -31.524  -49.9036  -10.8199
633898  neutron  453245  10.5724  -5.82978  58.783
636486  neutron  3.65401e+06  39.7601  -44.8367  -3.16345
637108  neutron  1206.15  26.5175  19.1953  50.2948
637765  neutron  4.74959e+06  55.2726  -11.6141  -20.2793
639520  neutron  5.30248e+06  33.5386  39.2577  -30.581
643245  neutron  423856  23.1031  34.5772  -43.2651
644712  neutron  1.60607e+06  34.4686  -13.0266  47.3648
644969  neutron  1.27327e+06  -52.1491  -15.5736  -25.2811
645395  neutron  5.1318e+06  45.0966  -39.141  5.95673
646540  neutron  0.49911  -38.095  13.2243  44.442
648747  neutron  5.2487e+06  4.43896  -56.0076  21.0865
649062  neutron  5.20066e+06  -34.1275  25.1954  -42.4465
649976  neutron  3.14844e+06  14.0556  9.85578  57.5022
650205  neutron  1.93654e+06  -12.4137  -0.120938  -58.7119
654493  neutron  32.1939  -43.7129  16.3246  -37.7345
654881  neutron  5432.39  7.51183  -13.3221  58.0284
656217  neutron  0.570991  47.1347  -24.3852  -28.0157
658451  neutron  4.65752e+06  -0.858826  39.8665  44.8456
660242  neutron  4.23942e+06  59.8875  3.58466  -1.35766
660858  neutron  5.734e+06  5.95767  29.6616  -51.8256
661402  neutron  56.7165  -0.615106  -9.38553  59.2683
661580  neutron  491872  12.9698  55.8429  -17.7355
661597  neutron  1.42445e+06  11.6509  57.927  -10.484
662526  neutron  2.6234e+06  -6.42701  38.9129  45.2292
665752  neutron  5.31243e+06  -17.237  19.7715  53.9738
666396  neutron  375.512  -17.8042  26.0892  -51.0251
666893  neutron  4.85187e+06  13.5678  57.8389  -8.47226
667299  neutron  3.1723e+06  19.5276  -56.5172  5.06779
667908  neutron  23.6815  10.1827  -10.2823  58.239
669100  neutron  5.60347e+06  18.6774  -33.6734  46.0267
672677  neutron  2.36347e+06  41.7949  21.1326  37.5207
673944  neutron  2.67383e+06  29.6413  14.9861  49.9801
674456  neutron  2.56039e+06  -51.5453  -15.8184  -26.345
675752  neutron  719426  45.3504  14.3295  36.5952
677653  neutron  1.6861e+06  41.3981  41.4439  -13.0308
677980  neutron  2.32764e+06  14.7644  -11.0959  -57.0972
680877  neutron  96535.4  -51.6821  -14.9846  -26.5635
681008  neutron  5.18306e+06  -19.9006  23.5595  51.4793
682621  neutron  3.28445e+06  -21.0161  55.6348  -8.01862
684966  neutron  3.16763e+06  -44.7113  -39.8864  -3.34278
687063  neutron  4.89608e+06  0.417813  -10.5388  -59.0759
688558  neutron  137101  17.4657  -48.0006  -31.4975
689020  neutron  1.84269e+06  -19.9692  -26.6257  49.935
689133  neutron  2.29121e+06  55.5941  -21.4088  7.22241
689241  neutron  1.48424e+06  -2.64043  -8.45589  59.3526
689256  neutron  2.11074e+06  -33.7639  -41.6837  -26.9012
690972  neutron  3.10765e+06  -55.7332  -18.722  -12.0207
691579  neutron  2.4344e+06  -52.6945  21.5479  18.9782
693321  neutron  2.45824e+06  11.8049  -56.0523  17.8882
693783  neutron  3.00954e+06  -47.0515  37.134  2.90141
694398  neutron  629262  -27.3579  32.1958  42.6166
696586  neutron  1.3253e+06  44.9105  -19.4053  -34.7516
696876  neutron  2.9829e+06  59.2775  -6.34749  6.8624
697880  neutron  104521  -42.9898  -41.8546  1.12518
698236  neutron  985780  20.2388  56.0558  -7.02415
700456  neutron  4.07908e+06  -9.83552  24.4734  53.9028
700717  neutron  5.8427e+06  25.8232  -2.6103  54.1068
700828  neutron  1.79494e+06  -26.6829  -11.8357  -52.4323
702533  neutron  506011  33.1402  38.2359  32.2637
703101  neutron  1.1963e+06  -37.9803  21.499  41.1884
703832  neutron  502379  -59.2465  -8.22419  4.83871
704400  neutron  254.461  46.4395  -33.278  18.3616
704529  neutron  2.03638e+06  9.82679  25.7567  -53.3032
705425  neutron  613530  -23.1669  -55.2718  -3.08626
706658  neutron  51211.1  12.729  55.4858  18.9866
707120  neutron  2.7059e+06  0.946189  24.718  54.6747
709274  neutron  5111.79  -21.8531  -44.8878  33.2975
710510  neutron  2.19656e+06  -33.5817  -11.3767  48.4153
710738  neutron  6.43829  -58.4087  11.1508  8.07944
711232  neutron  1.26894e+06  44.4876  -37.9953  -13.3573
713524  neutron  5.36531e+06  -30.908  -51.2212  4.72132
715023  neutron  559191  -31.5987  50.1866  9.16692
716580  neutron  1.77596e+06  -15.918  20.9511  53.9339
717298  neutron  990546  -11.7895  -58.1836  8.76785
717433  neutron  155531  1.06074  20.5408  56.3751
719058  neutron  1.75106e+06  8.81405  -59.0907  -5.63959
719797  neutron  2779.87  22.2654  -49.2958  -25.9881
720636  neutron  5.61099e+06  27.8814  -50.4212  -16.7789
720813  neutron  1.97496e+06  49.6618  -26.0717  21.3346
720922  neutron  5.39874e+06  57.9506  -15.0673  -3.98786
721765  neutron  7.62623e+06  -21.6283  55.2723  -8.85375
722651  neutron  5.65491e+06  35.7663  -33.4757  -34.6605
723654  neutron  334051  7.93334  -58.4276  11.1571
723823  neutron  1.39812e+06  8.01008  59.2666  -4.95102
724630  neutron  6.32733e+06  6.78793  -31.1978  50.8116
724893  neutron  4.59036e+06  28.398  45.2196  -27.3851
725132  neutron  3.07953e+06  38.507  35.7048  29.0444
726166  neutron  161100  18.142  47.9449  31.1987
726580  neutron  266152  -8.31452  56.0029  19.8932
726846  neutron  834503  -13.5286  58.1558  6.00697
728101  neutron  2.27527e+06  8.91742  25.7919  53.4458
729977  neutron  1.61145e+06  48.0395  -33.6409  12.7161
730093  neutron  842028  5.16314  -58.0146  -14.4514
730595  neutron  590445  -31.3006  -41.1097  -30.5199
731031  neutron  1.45133e+06  41.6942  5.51251  -42.8066
732666  neutron  2.34289e+06  28.6393  -33.664  40.5922
734045  neutron  7.67984  0.934133  -34.1127  -49.3624
734856  neutron  3.4747e+06  6.20988  -23.7297  54.768
735072  neutron  3.72181e+06  23.7423  -54.2824  9.53514
735161  neutron  1.81688e+06  -35.5201  -48.0797  5.2788
735421  neutron  1.2552e+06  57.354  15.9766  7.51438
735959  neutron  2.19647e+06  40.8023  28.461  33.5611
736069  neutron  3.38949e+06  18.4662  -19.9  -53.5182
736654  neutron  6423.38  55.6533  11.2451  -19.4283
744119  neutron  4.47167e+06  -37.07  28.832  37.3594
747361  neutron  894660  -21.5376  29.9905  47.3065
747460  neutron  10812  -10.6582  6.26312  -58.7229
747815  neutron  6.58405e+06  32.5656  2.86868  50.3235
750620  neutron  2.21141e+06  29.9446  1.47251  51.9842
757453  neutron  2.54274e+06  -42.9537  -39.0806  15.1287
757733  neutron  3.02188e+06  36.8309  -45.197  14.2098
757898  neutron  242709  0.694464  -56.2739  20.8319
758893  neutron  2.55354e+06  -22.1909  39.8656  -38.9808
759182  neutron  1.13346e+06  24.7565  -11.7918  53.3785
759880  neutron  659323  -46.3879  26.4878  -27.3453
763132  neutron  7.21123e+06  -24.9064  -54.1067  -7.30303
763215  neutron  3.07032e+06  10.4954  21.4289  -55.0622
763991  neutron  2.92942e+06  -20.4316  34.8771  44.3547
765662  neutron  1.42181e+06  -23.5567  -36.1298  41.7244
766694  neutron  0.670253  51.9545  -6.74414  29.265
767131  neutron  1.25449e+06  37.1484  22.5269  41.3973
768974  neutron  1.94272e+06  33.0736  -38.7117  31.7606
770007  neutron  1.36882e+06  38.6662  -21.594  -40.4948
771101  neutron  7.10235e+06  -57.8167  -6.7593  -14.5855
772975  neutron  6.18129e+06  44.8605  -16.5427  -36.2639
772989  neutron  0.597718  18.1852  41.0136  39.8545
773435  neutron  1.90971e+06  32.8875  -44.7775  -22.6845
775195  neutron  4.09934e+06  52.347  24.4766  16.1831
775883  neutron  402162  2.31741  38.6498  -45.8479
777292  neutron  58668.6  59.9281  2.98316  -0.964096
777688  neutron  612219  26.0882  52.3  -13.613
780115  neutron  2.69602e+06  -7.89879  50.0161  -32.2056
780173  neutron  6.25272e+06  58.6019  5.56445  -11.6644
780807  neutron  1.76799e+06  -57.2173  -12.4438  13.1352
782434  neutron  7.71807  38.3367  42.904  -17.0513
782745  neutron  444541  -49.7298  -32.8973  6.77587
783835  neutron  3.86282e+06  -53.0262  3.15645  -27.9188
785084  neutron  1.77782e+06  -31.0056  50.5984  8.92497
786245  neutron  4.25188e+06  -0.18364  -37.1433  -47.1332
786507  neutron  7.21627e+06  6.91169  0.814648  -59.6051
786912  neutron  5.03417e+06  -27.6351  -36.2365  -39.0438
786956  neutron  1.90369e+06  53.0735  -17.954  -21.4956
787507  neutron  8.55118e+06  21.016  54.8228  -12.4092
788463  neutron  2.79468e+06  -3.41424  -44.2683  40.3715
789024  neutron  4.74158e+06  58.0479  -12.9531  7.99135
789160  neutron  1.94437e+06  47.5622  -18.3554  31.6563
789417  neutron  1.80911e+06  38.4627  45.6767  5.95466
789647  neutron  1.39451e+06  -33.887  30.2482  -39.2163
789676  neutron  5.95259e+06  -49.2155  -25.2688  23.2492
789700  neutron  174616  53.3012  -18.4436  -20.4944
790860  neutron  3.37267e+06  9.64546  0.00015525  59.2298
790865  neutron  2.83628e+06  17.4789  40.9699  -40.2139
791230  neutron  2.71872e+06  -29.2256  -52.3753  1.97409
791295  neutron  60058.5  -44.2589  10.8292  -39.0523
793193  neutron  5.9922e+06  43.7628  -38.3157  -14.7621
794566  neutron  45.4493  57.5588  -15.9129  -5.91303
794736  neutron  1.57401e+06  -14.1098  36.815  45.2412
794929  neutron  2.12942e+06  -14.5352  -34.2567  47.0787
796436  neutron  2.352e+06  -15.4906  -31.8299  -48.4572
797054  neutron  4.39351e+06  -30.2176  27.6937  43.831
797773  neutron  2.29537e+06  17.1221  16.8589  54.9892
797815  neutron  468555  8.91222  -14.7337  -57.4864
798507  neutron  3.04469e+06  -11.429  55.431  19.9495
798654  neutron  3249.04  23.7075  40.8272  37.0445
801522  neutron  5.21711e+06  23.7963  -7.70142  -54.5493
801527  neutron  5.18778e+06  24.4803  42.294  -34.8301
802327  neutron  191752  59.9123  -3.42153  -0.0770683
804103  neutron  3.00361e+06  24.2446  25.7802  -48.4642
806413  neutron  900370  53.9742  25.1498  7.44806
807270  neutron  2.49203e+06  -27.3147  -39.8833  35.5588
807708  neutron  730858  -34.7052  5.18844  48.6809
807892  neutron  7.8622e+06  -24.7501  38.5877  -38.725
809039  neutron  2.45839e+06  -5.82276  -24.4035  -54.5139
809146  neutron  747443  57.3978  -14.2073  -10.2392
813489  neutron  111515  -8.89792  -39.0408  44.6972
816398  neutron  2.00981e+06  25.7349  21.6447  49.7034
817151  neutron  6.17978e+06  -57.9543  8.37407  13.1292
817996  neutron  3.97366e+06  -55.7315  11.523  -19.0375
818334  neutron  1.41714e+06  30.7378  -48.5215  -17.3797
818443  neutron  107.751  -28.415  -35.2522  -39.3836
819855  neutron  4.26697e+06  19.087  56.8557  2.07647
826285  neutron  2.47393e+06  19.8417  -43.3089  -36.4944
828323  neutron  0.63667  -54.5061  13.5792  21.1161
828336  neutron  296088  -40.7859  -44.0107  0.879916
828509  neutron  5.81703e+06  -24.3523  -43.472  33.4418
831748  neutron  229109  47.8402  -34.1344  12.1392
832540  neutron  2.48922e+06  38.902  -32.6299  -31.9864
834309  neutron  624042  -40.9003  22.9807  37.42
838666  neutron  6.28202e+06  15.573  -57.9292  1.70009
840686  neutron  477891  6.84515  51.4949  30.0435
842176  neutron  3.53387e+06  -56.3413  -3.85192  -20.2984
842862  neutron  4.81704  44.8438  -2.85267  39.7756
843618  neutron  1.86093e+06  -49.3982  -21.4411  26.4821
844036  neutron  1.26347e+06  42.1242  -42.7163  -1.43794
844689  neutron  1.46039e+06  34.1263  0.159997  49.3617
844944  neutron  6.22015e+06  -2.49716  41.065  43.6879
845630  neutron  9.82086e+06  -27.0132  -5.03772  53.3489
847451  neutron  770348  13.8772  -30.0748  50.0413
848171  neutron  2.46544e+06  39.2803  22.732  -39.2621
849531  neutron  60.9952  -15.2168  -17.2204  55.4356
852210  neutron  2.3306e+06  11.0129  -44.4102  38.8284
852423  neutron  2.96076e+06  31.4201  -50.9288  -4.49897
853759  neutron  5.48365e+06  -8.61122  -53.4973  25.7893
854694  neutron  7.44152  -59.3197  -5.33324  -7.34337
854706  neutron  166.689  -16.5998  -57.6009  -2.78925
855215  neutron  10709.6  31.2496  -43.7377  -26.6773
855630  neutron  3.31298e+06  -29.7595  -52.0564  2.38749
855766  neutron  2.07665  41.4706  -38.0179  -20.8813
855792  neutron  463224  56.1386  -11.078  -18.0813
857374  neutron  2.74899e+06  -36.3505  39.4209  26.9413
858393  neutron  2.31184e+06  40.5086  43.8016  6.45537
860241  neutron  4.51369e+06  11.5641  15.3832  56.8404
861316  neutron  1.98045e+06  -51.2582  30.6146  -6.04453
861351  neutron  815556  -14.3216  56.8101  12.9884
862220  neutron  2.984e+06  4.04691  -45.2362  39.2239
862446  neutron  1.05648e+06  18.793  -56.8008  4.65767
863153  neutron  4.11206e+06  -22.1538  41.3089  37.4698
863616  neutron  1.24475e+06  47.8479  -3.22786  -36.0743
864558  neutron  4.71264e+06  18.0099  -55.8278  -12.653
864615  neutron  1.61894e+06  49.2413  -11.082  -32.4605
865403  neutron  275321  8.52237  -50.2701  -31.6463
866267  neutron  23781.1  -47.7128  -26.9405  24.4725
867317  neutron  2.26031e+06  33.9641  49.1971  5.22369
867974  neutron  6.94516  -48.9955  20.064  28.2503
868847  neutron  78.3694  59.7008  -2.24072  5.65579
869552  neutron  3.6588e+06  27.7816  -43.3061  -30.8862
869559  neutron  1.55823e+06  20.7516  55.5181  -9.39734
872248  neutron  980746  -32.4573  11.5048  49.1464
873090  neutron  19944.3  21.3648  -2.67453  56.0142
873650  neutron  802.761  52.4408  3.95882  28.9048
875083  neutron  2.36107e+06  -59.9218  -2.13239  -2.45654
875146  neutron  1.82893e+06  -6.25753  9.30892  -58.9524
877356  neutron  2.38403e+06  20.2343  -50.6076  25.1126
879084  neutron  5.10367e+06  37.4298  -36.1868  29.8449
879501  neutron  2.18089e+06  58.3631  12.6738  5.85869
880023  neutron  2.03076e+06  -30.4448  29.8978  42.1952
881027  neutron  2.32533e+06  -32.0817  -41.9406  28.5123
881301  neutron  2.05007e+06  -45.4704  17.7504  34.908
882368  neutron  9.69521  -16.8696  56.5349  -10.9736
882606  neutron  6.08428e+06  -58.9334  -8.71417  -7.21954
883456  neutron  196278  52.7472  -15.8771  23.8087
883716  neutron  4.7989e+06  45.4439  -28.6841  26.7072
883840  neutron  2.18001  -59.7162  -4.54018  -3.81601
883965  neutron  2.58081e+06  49.4957  -3.13853  -33.7864
885358  neutron  267323  44.8911  -12.7311  37.7348
886422  neutron  24.4377  30.7655  -23.4981  45.8533
886930  neutron  2.02602e+06  -16.6698  -57.4103  5.23159
889082  neutron  5143.68  -31.9359  -29.7212  -41.2062
889527  neutron  4169.76  -4.31922  5.79229  59.5734
889555  neutron  3.2644e+06  21.0179  29.5973  -47.7854
890384  neutron  4.22534e+06  -27.448  49.4642  -20.0275
891169  neutron  2.04117e+06  -17.6327  -55.797  13.3034
892602  neutron  5.25367e+06  -46.2832  38.0234  -3.64601
894367  neutron  1.87916e+06  -7.41971  58.4843  -11.2134
897510  neutron  1.39674  45.1158  -31.3958  -24.0846
897523  neutron  2.76357e+06  29.0102  30.3902  -42.8491
897810  neutron  2.99976e+06  58.0935  -14.9346  1.81633
898830  neutron  2.36005e+06  31.4066  51.0663  -2.65723
900361  neutron  6.36774e+06  -38.4877  -21.4809  40.7243
901580  neutron  6.03182e+06  -17.1261  -4.19493  57.3611
902467  neutron  1.05309  30.4114  30.2659  41.9562
903007  neutron  1.28255e+06  -3.02928  -22.8902  55.3901
903819  neutron  5.23375e+06  57.6424  -2.54648  -16.4946
906223  neutron  2.26466e+06  -7.05083  45.8827  38.0297
906701  neutron  4.91434e+06  -9.77831  19.8512  55.781
907600  neutron  1.43214e+06  56.9257  15.1657  11.4309
907982  neutron  3.39874e+06  -18.0264  10.3804  -56.2894
909794  neutron  382.631  39.2901  43.6999  12.1574
910505  neutron  5.77858e+06  -14.8906  -23.3264  53.248
910873  neutron  4.8179e+06  -53.486  -18.3638  20.0803
911408  neutron  6.23065e+06  29.3177  -6.01362  -52.0145
911771  neutron  1.39281e+06  7.34602  49.7341  -32.7683
912079  neutron  23722.7  -3.80286  44.8993  -39.6332
913172  neutron  5.7687e+06  25.6641  7.4499  53.7313
913472  neutron  7.55167e+06  54.1952  -9.7685  -23.8465
913844  neutron  278401  45.3957  16.6482  35.5425
914722  neutron  316509  -55.0565  23.5599  3.86174
914943  neutron  3.05021e+06  -7.94477  49.7526  -32.6
915126  neutron  2.93974e+06  -18.6005  -29.4884  48.8431
915377  neutron  205723  10.5024  -9.88978  58.2502
915528  neutron  2.57902e+06  16.964  -0.287436  57.5616
915708  neutron  3.7016e+06  -51.0703  -24.3253  -20.0325
916034  neutron  49.7723  38.3624  23.2118  39.8841
916592  neutron  5.00085e+06  23.3709  50.106  -23.3322
918228  neutron  2.04603e+06  -19.1133  42.737  -37.5424
918417  neutron  8.09118  -11.584  52.8969  -25.8637
919818  neutron  1.45455e+06  -31.2921  -50.4834  8.56926
920675  neutron  82285.5  21.238  -34.5113  -44.2619
921529  neutron  1.27876e+06  -8.13398  42.7756  41.2951
922865  neutron  2.32722e+06  -48.4684  -7.3035  34.6219
923519  neutron  358987  50.0147  14.7028  -29.7246
927474  neutron  2.77206e+06  44.3751  -31.3639  -25.4629
927606  neutron  2.80004e+06  -18.4116  -54.0765  18.3833
929378  neutron  1.74937e+06  48.2905  -1.84049  35.5787
931906  neutron  0.267851  -53.5353  25.6366  -8.82798
933632  neutron  4.07675e+06  -7.36784  27.6427  52.7522
935411  neutron  78070.7  45.8087  -24.1502  -30.3238
936675  neutron  34620.7  50.6047  31.3139  -7.73342
937371  neutron  5.16619e+06  20.9736  41.5925  37.8335
938223  neutron  1.17586e+06  -21.2034  55.4879  -8.52693
942095  neutron  72092.7  -12.4868  19.352  -55.4146
942107  neutron  2.26978e+06  13.2073  43.5563  39.1103
945875  neutron  820.386  -54.966  -23.7243  4.13428
945915  neutron  2.87016e+06  -19.7811  -5.25482  -56.4118
946812  neutron  1.75724e+06  -11.9982  23.5201  -53.8893
947294  neutron  5.69482e+06  -11.8939  -29.7333  50.7511
947412  neutron  2.94541e+06  -12.653  53.9302  23.0788
948364  neutron  1.20134e+06  -43.8108  -25.0609  32.4618
948405  neutron  4.77895e+06  -46.1453  37.5439  -7.89125
949421  neutron  654905  22.4938  -33.82  -44.1751
949951  neutron  1.8489e+06  -3.08452  38.703  45.7576
952011  neutron  11.7157  48.6519  -35.1295  0.337641
952471  neutron  4.10151e+06  0.0451588  3.29598  59.9194
955057  neutron  105.059  -59.5386  0.3054  7.50049
956697  neutron  3.95413e+06  -26.0363  -47.9765  -24.9312
957186  neutron  1.23628e+06  -52.8006  21.7946  -18.3926
960204  neutron  374.357  -43.4546  29.5559  -28.9715
960339  neutron  650883  -12.4825  23.8277  -53.6435
961576  neutron  7.23492e+06  -48.2994  13.6705  32.886
964952  neutron  47.8938  -30.8158  10.8483  50.3379
965103  neutron  6.36153e+06  -0.848716  29.087  52.4826
965976  neutron  63381.5  24.0006  43.7438  -33.3414
968062  neutron  1.18386e+06  29.59  47.7864  -21.0261
968944  neutron  6.74048e+06  9.74561  -13.3606  -57.6864
969415  neutron  4.0492e+06  45.7298  -15.5626  -35.6061
969597  neutron  4.22732e+06  -9.26476  -10.2033  -58.406
970468  neutron  74697.1  29.7295  52.1249  0.58942
971679  neutron  2.1793e+06  -21.8248  -55.803  3.30227
971909  neutron  2.11033e+06  37.6801  21.2071  41.6134
972778  neutron  7202.54  44.2922  18.7607  -35.8808
973765  neutron  2196.33  -39.6228  -24.7578  -37.6601
974352  neutron  171.749  -25.6479  24.6391  -48.3353
975324  neutron  811434  39.3019  45.3448  0.640225
981640  neutron  6.64429  32.6443  3.44767  50.2361
983374  neutron  6.01951e+06  43.1591  12.3068  39.8377
983804  neutron  132.672  -32.2405  -39.572  -31.5564
986024  neutron  3.45534e+06  -18.8264  54.259  17.3991
987058  neutron  11396.2  46.7436  -18.3041  32.8815
988522  neutron  993731  -35.6998  -47.7585  6.77137
990775  neutron  7.32233e+06  53.3952  -18.0435  -20.6054
990958  neutron  2.76536e+06  -3.58273  54.5137  24.8318
992572  neutron  5.50494e+06  59.8579  -2.16872  -3.67888
992647  neutron  743004  31.9008  42.7301  27.5261
992791  neutron  1.02742e+07  2.8886  59.6988  -5.37694
996660  neutron  2.78709e+06  52.6044  -28.6159  -3.88748
997730  neutron  1.035e+06  15.1305  -23.4834  -53.1112
998195  neutron  1775.12  32.8235  -50.0639  4.17419
999745  neutron  4.66577e+06  -6.55024  -49.4694  33.3327
