459  neutron  2.16165e+06  3.3711  3.46456  -79.8638
3474  neutron  3.50335e+06  -78.8588  -12.5175  -5.11845
5022  neutron  2876.51  -33.7527  71.7823  -10.4715
17524  neutron  734145  -62.0678  21.125  45.8576
17565  neutron  1488.73  64.0448  42.6412  21.9452
19379  neutron  2.15328e+06  -22.1234  16.6056  -75.076
29497  neutron  3.82697e+06  -67.9275  -28.7447  -31.0032
36942  neutron  0.359153  -67.8263  23.0414  35.6412
61565  neutron  198.311  -79.9746  2.16486  -0.991878
83062  neutron  2.31839e+06  56.3942  -4.31364  -56.5923
89082  neutron  6.6996e+06  -76.5386  13.9908  18.6465
92860  neutron  4.81595e+06  -56.6617  -7.13171  -56.0374
94704  neutron  6319.5  56.5366  28.1835  49.1009
120160  neutron  342685  -52.3156  -30.4468  -52.3228
127551  neutron  3.44702  -59.4997  53.3625  3.71953
127777  neutron  3.76367e+06  37.8533  -69.3052  -12.8655
145637  neutron  8.49359e+06  -0.996981  -19.596  77.5668
151114  neutron  4.24679e+06  -68.2634  -39.4918  13.4944
184187  neutron  108860  40.68  -16.4108  -66.9136
192119  neutron  6.67807  6.76968  -54.7677  -57.9333
193875  neutron  39.8187  -52.0234  -39.3163  46.3616
195571  neutron  2.22471e+06  21.0143  -61.0842  -47.2093
199500  neutron  635979  -58.9955  -23.0436  48.8889
199873  neutron  6.33058e+06  12.495  5.79578  -78.8155
249507  neutron  4.94967e+06  5.53235  -76.842  21.594
267300  neutron  2.28626e+06  43.6814  65.3918  14.7458
269032  neutron  1.28177e+06  -59.6141  -18.5856  50.0233
273647  neutron  1.75585e+06  18.6625  -72.5354  28.1412
278588  neutron  1.06047e+06  -34.0287  -32.6903  -64.6141
320779  neutron  3.31698e+06  79.8473  -1.68091  -4.81541
332256  neutron  68.1842  -51.8589  5.27412  -60.6996
341585  neutron  269203  70.1819  29.277  -24.8789
342122  neutron  5802.61  -48.4296  50.2252  -39.1613
360292  neutron  0.111717  59.2149  17.4785  50.8891
377521  neutron  3.36586e+06  77.8422  -1.5565  18.4329
389243  neutron  2.6184e+06  -12.3384  -55.7239  56.0733
398779  neutron  58.7965  -53.3487  16.6406  -57.2591
414293  neutron  5.37823e+06  -48.6553  -42.746  -46.9792
418079  neutron  284549  70.4909  -4.22369  -37.6137
418255  neutron  31063.9  -18.694  45.9495  62.7756
423614  neutron  7.65224e+06  23.5748  11.8256  75.538
453815  neutron  6.96004e+06  26.4016  -9.87631  74.88
457261  neutron  3.96492e+06  0.715289  -58.5364  54.5397
496139  neutron  5.89486e+06  64.0177  47.8759  3.35261
508806  neutron  2.74665e+06  49.9553  -52.3079  34.2045
533628  neutron  2.32863e+06  32.4098  -58.8773  43.4127
534650  neutron  13.9257  -48.2337  -23.082  59.5175
550395  neutron  4.83859e+06  19.1421  6.11456  77.4454
552311  neutron  1.17352e+06  45.4321  60.8523  25.1896
565220  neutron  612110  -13.4674  27.6208  73.8737
571607  neutron  2.29241e+06  -47.5012  43.8059  -47.1834
577915  neutron  191286  3.23914  -58.0522  54.9641
596217  neutron  5.86647e+06  8.10121  19.8089  -77.0946
602111  neutron  333736  18.9052  61.0702  -48.1105
602965  neutron  4.05397e+06  -2.54043  77.128  21.1284
607147  neutron  101.98  9.62593  -36.8599  -70.3583
610662  neutron  252080  -43.5936  66.5567  8.45047
618662  neutron  4429.05  47.6588  2.36661  -64.2233
620334  neutron  126256  69.6117  -12.3789  37.451
621910  neutron  3.52176e+06  0.388988  -76.6444  -22.9584
625456  neutron  7.16572e+06  -58.8639  43.4673  -32.361
641929  neutron  2.08342e+06  31.0091  42.3494  -60.3868
652780  neutron  2.1283e+06  31.2366  67.8358  28.7087
661212  neutron  1.93852e+06  32.8565  -47.9728  54.9605
675351  neutron  4.66305e+06  64.4442  -36.8117  29.8905
677259  neutron  4.24406e+06  -37.8125  65.3794  -26.4073
688398  neutron  8056.28  47.8619  63.7656  6.69218
700821  neutron  13708.9  44.2069  21.9558  -62.9706
709101  neutron  6.40983e+06  79.8755  -2.32077  4.01552
711017  neutron  2.50338e+06  27.3721  53.4978  52.8238
711115  neutron  1.96618e+06  -78.3798  -13.0962  9.31089
713323  neutron  0.439754  37.4894  -69.4264  13.271
724194  neutron  2.10038e+06  17.8443  -73.0351  27.3688
729251  neutron  3.52955e+06  -18.0889  -65.8372  -41.7116
736094  neutron  175.588  15.4332  78.4662  2.54306
750290  neutron  5.19013e+06  -22.3249  -70.9187  29.5592
768372  neutron  19094.9  43.2803  -66.9681  -6.61011
775527  neutron  1.10078e+06  22.2517  -73.3259  -23.017
782325  neutron  4.52818e+06  42.4258  -65.244  -18.5709
800262  neutron  4.93736e+06  -28.3291  -34.74  -66.2737
809761  neutron  3.72386e+06  -69.0925  -35.0936  19.9063
815404  neutron  2.70705e+06  26.5861  -4.24941  -75.344
820458  neutron  474259  72.5505  33.2138  5.90429
832109  neutron  4.52317e+06  62.2641  -10.2784  -49.1847
870348  neutron  12.3375  -46.7547  -21.2342  61.3572
870433  neutron  7.83433e+06  -67.7592  7.6142  -41.8607
871732  neutron  588.162  8.31313  -68.6916  40.1741
887219  neutron  4.27633e+06  63.5527  -14.5222  46.3871
898779  neutron  7.44736e+06  68.4156  7.20204  40.8538
909429  neutron  2.67192e+06  -65.7928  -35.0879  29.0129
912052  neutron  4.44461e+06  -10.4405  7.53728  78.967
927433  neutron  2.28628e+06  -49.0179  35.9271  52.0393
933900  neutron  954081  50.6582  26.1039  56.1599
940125  neutron  262522  -62.6768  -44.1614  -22.869
942533  neutron  752958  66.3833  10.3184  -43.4557
952175  neutron  5.28656e+06  -26.4052  -54.554  -52.2324
960212  neutron  24847.8  -20.4166  77.1752  5.36127
984331  neutron  329703  23.6901  62.7131  -43.6743
988423  neutron  2.00614e+06  -16.3173  -71.2484  -32.5426
993425  neutron  5.06088e+06  54.3216  58.5872  4.27788
993814  neutron  3.52555e+06  -17.9313  -33.0042  -70.6455
998872  neutron  240.722  73.8844  10.2075  -28.9569
