73088  neutron  4.59237e+06  51.7475  28.3161  -74.4802
111425  neutron  535259  93.0789  -10.4974  -15.9068
125383  neutron  2.40566e+06  70.2463  34.6499  53.7749
257132  neutron  2.75733e+06  10.7246  -29.3905  -89.7111
278671  neutron  216884  61.7735  -26.0416  -67.3259
403511  neutron  6.79502e+06  55.0931  -65.1951  -41.7283
472662  neutron  1.52744e+06  -65.2453  60.5417  33.2364
530574  neutron  6.50502e+06  -35.3305  -87.3146  12.4423
658805  neutron  5.25413e+06  -17.0454  91.4112  -19.5024
679935  neutron  2.4645e+06  20.7631  92.6584  -3.1954
825732  neutron  360007  -22.0145  -52.3742  -76.1525
994040  neutron  767619  43.1697  -79.9537  -27.761
