6658  neutron  539949  -20.9333  30.3548  -59.5129
13530  neutron  4.93816e+06  34.6571  60.4145  -7.09724
16045  neutron  4.12617e+06  -63.9085  5.554  28.0402
23229  neutron  4.00329e+06  36.1092  -30.8511  -51.4367
28249  neutron  70670.1  41.0772  -55.5327  11.4098
31412  neutron  1.60876e+06  25.8796  62.4032  18.3709
32896  neutron  116531  21.7177  31.6615  -58.5431
34534  neutron  3.15542e+06  -20.2398  -30.7646  -59.5423
34579  neutron  2.15791e+06  -42.4174  -40.6338  -38.0928
37021  neutron  6.28398e+06  -23.3967  11.4947  64.9759
60562  neutron  3.47692e+06  51.0645  -16.4704  -44.9727
62424  neutron  3.88348e+06  52.5849  8.58254  45.4155
64220  neutron  4.25624e+06  -42.7264  35.3037  -42.7727
64472  neutron  8.23042e+06  4.92293  -0.894759  69.831
65423  neutron  410996  -10.4752  68.8902  6.76857
71341  neutron  12012.4  -61.6675  -32.9155  -3.88491
82030  neutron  5.75992e+06  46.7234  -17.6347  -49.0647
86005  neutron  5.65787e+06  5.29904  25.1967  -65.1034
86064  neutron  226564  -25.4141  -57.1705  31.4174
92552  neutron  9.14789e+06  18.9129  65.591  -15.541
93604  neutron  3.92452e+06  64.7473  -4.27456  -26.2853
95756  neutron  5.25375e+06  17.3589  15.1052  66.1203
95868  neutron  1.12984e+06  7.25787  53.3461  44.7539
101799  neutron  5.24472e+06  17.7432  -66.5247  -12.6903
106688  neutron  8.94905e+06  12.5234  66.3391  18.5387
110211  neutron  147431  -0.434381  -15.5665  68.2561
113606  neutron  1.68445e+06  -25.4851  32.1736  56.7166
113662  neutron  2.0393e+06  62.3126  1.13735  -31.8944
117974  neutron  1.94099e+06  15.859  -68.1318  -2.82021
124455  neutron  5.21385e+06  -21.8508  -49.9873  -43.8773
126715  neutron  1.80841e+06  33.5882  -54.9778  -27.3985
126965  neutron  5.06682e+06  -53.3589  22.1343  39.5513
130548  neutron  316840  -24.3062  61.7181  22.3939
136381  neutron  49099.8  36.8953  47.5247  35.7986
138512  neutron  15716.9  -68.7562  -11.1965  -6.97333
143762  neutron  3.99605e+06  -19.8594  55.8201  -37.2978
152403  neutron  2.84167e+06  -61.6977  10.7434  -31.2949
155820  neutron  503810  47.6348  21.9645  46.3669
163714  neutron  1.21563e+06  -27.0281  -61.9394  -18.2863
169217  neutron  1.08858e+06  62.0654  -31.0698  -9.16287
172648  neutron  6.51834e+06  -53.4143  -32.7534  -31.2335
182540  neutron  181112  62.6957  -30.8779  -4.14801
184110  neutron  7.03751e+06  -30.2429  11.1929  62.1408
185274  neutron  2.60164e+06  53.6686  33.2255  -30.2844
185471  neutron  6.22019e+06  -56.7685  31.0155  -26.7726
192348  neutron  3.20403e+06  -41.461  6.85083  -55.9951
201067  neutron  4.34436e+06  -14.9741  -58.2884  35.7721
201110  neutron  2.73236e+06  -27.5329  26.5888  -58.6206
203475  neutron  6.27883e+06  -39.8517  12.2202  -56.2486
203689  neutron  1.62757e+06  56.5216  -26.1058  -32.0186
203694  neutron  6.19574e+06  -0.801999  30.8363  62.8481
203982  neutron  844629  22.119  32.3463  -58.0161
203987  neutron  8244.77  -29.4521  46.3991  43.3716
206602  neutron  2.58541e+06  -19.5718  -64.9986  17.1326
212350  neutron  3.82024e+06  10.4009  18.3581  66.7548
215909  neutron  2706.39  -0.13652  -49.9489  -49.0559
221531  neutron  1.99223e+06  61.0006  19.7002  28.1465
222674  neutron  1.53993e+06  28.8367  -47.5304  -42.5524
222696  neutron  5.2933e+06  -11.7196  -68.7904  5.65066
224271  neutron  40911.3  -32.4271  -59.9881  -15.8528
227882  neutron  4.77538e+06  14.2398  -42.0944  54.0989
229293  neutron  906147  43.5751  2.42307  -54.7425
233158  neutron  3.82231e+06  43.891  8.96252  53.802
236218  neutron  2.5105e+06  -51.7169  -26.1064  39.3092
242252  neutron  1.12897  -32.1469  -29.0109  55.0123
244179  neutron  3.03661e+06  -16.9388  67.2624  9.50014
258272  neutron  3.74756e+06  25.591  25.0925  60.1404
262041  neutron  1.27516e+06  -28.7624  -13.3888  -62.4088
262274  neutron  158250  66.2621  22.4934  2.18702
263221  neutron  8.46181e+06  66.1279  18.4561  13.7067
269478  neutron  1.96034e+06  15.6519  68.2012  2.24087
274759  neutron  4.51103e+06  42.8755  -54.3186  10.6106
274871  neutron  3.4357e+06  53.3775  9.48181  -44.2982
276815  neutron  3.39909e+06  52.3869  -43.6278  -15.9257
282101  neutron  2.96476e+06  6.70396  -18.4312  67.2067
282795  neutron  1.52586e+06  -45.1339  52.9628  7.699
285828  neutron  6.36176e+06  -23.7508  -6.70935  -65.5155
288201  neutron  5.78814e+06  36.2713  -42.0124  42.6703
288383  neutron  4.91481e+06  -3.52205  -64.5133  26.9634
299102  neutron  4.71625e+06  52.1789  -12.5525  -44.9578
304835  neutron  1.24635e+06  -41.8324  53.72  16.2975
312834  neutron  3.3297e+06  58.471  2.31061  38.4344
315232  neutron  315.823  -64.2216  -27.5529  4.22225
317273  neutron  4.44268e+06  48.4236  -20.6736  46.1428
325170  neutron  1.14297e+06  13.1418  -30.4977  -61.6327
327444  neutron  4.60917e+06  -9.13185  -13.4303  68.1002
331845  neutron  1.10928e+06  -37.6255  56.0792  -18.462
339013  neutron  848001  -26.0602  57.1248  -30.9681
339648  neutron  1.38874  -63.8673  16.807  -23.2355
340378  neutron  61592.4  35.7146  -31.1279  -51.5453
340899  neutron  166394  41.7662  -22.1383  -51.6418
344024  neutron  93597.6  15.7044  -19.7222  -65.3131
349111  neutron  2326.04  -50.6908  -14.5308  -46.0511
353926  neutron  85490.6  -19.5133  65.8132  13.7572
371930  neutron  6.80895e+06  -61.2923  -30.0259  -15.5917
377506  neutron  2.54328e+06  -38.8925  -48.087  32.8087
378414  neutron  816209  40.227  56.9486  6.32805
393882  neutron  728484  56.2959  27.8826  -30.8987
410430  neutron  5087.04  -59.6541  -25.5914  26.2272
410906  neutron  281795  27.4238  58.3157  27.3609
416598  neutron  308670  -27.2702  -64.3918  3.38092
419954  neutron  7.84136  19.3513  39.6332  -54.3704
423578  neutron  4.71335e+06  61.8777  32.6209  -2.90305
425055  neutron  5.49082e+06  2.14816  60.0333  35.9554
428740  neutron  1.46785e+06  1.29514  -50.3208  48.6574
431788  neutron  6854.24  -40.2053  47.5205  32.0427
432452  neutron  11643.8  3.79523  44.4538  53.9524
434129  neutron  5789.74  62.2256  5.05104  -31.6838
436705  neutron  3.15536e+06  23.3496  -32.4699  57.4622
436720  neutron  5.84548e+06  4.74644  -33.8858  -61.0788
437440  neutron  3.07864e+06  -67.9854  1.9229  16.6038
440752  neutron  2072.71  31.9058  -62.2743  -2.30983
443011  neutron  2.64624e+06  -46.7691  -51.0525  10.3779
455388  neutron  4.71156e+06  -50.9612  -46.5545  -11.7064
463183  neutron  1.36825e+06  37.6192  -47.4881  35.0867
463969  neutron  3.19469e+06  34.6492  -32.9343  51.1485
467989  neutron  4.13958e+06  44.6431  -50.0217  -20.1551
472936  neutron  7192.9  36.6305  59.6137  -2.41112
478678  neutron  140.004  -18.9222  -21.1622  -63.9962
485432  neutron  3.61757e+06  -35.701  33.8288  49.8242
486621  neutron  5.05339e+06  33.6188  51.4762  33.487
490321  neutron  1.29124e+06  -60.8982  -13.9138  -31.6103
493839  neutron  6.89102e+06  56.0467  -9.49004  40.8669
500735  neutron  5.48587e+06  -0.0171146  -11.3202  69.0887
501701  neutron  4.09653e+06  -64.4402  5.93786  26.7134
502100  neutron  309413  -3.00975  3.82  69.8409
508982  neutron  1.59999e+06  -69.1262  -9.86951  -5.05629
515063  neutron  1.57776e+06  23.1628  38.4765  53.707
522708  neutron  2.32242e+06  22.4052  66.1227  -5.21479
522955  neutron  1.21349e+06  -12.1838  -39.195  -56.716
524313  neutron  6432.58  27.6075  -45.2979  45.6873
534248  neutron  177.501  44.9207  -53.2717  6.75663
538549  neutron  4.044e+06  48.5215  -35.7861  35.5867
540122  neutron  0.780999  -15.0702  54.8122  40.8646
540682  neutron  4.15455e+06  18.6238  -55.7498  38.0331
544784  neutron  796763  -7.85023  -23.8515  65.352
546896  neutron  2.80212e+06  -24.3767  44.1299  48.577
547600  neutron  5.23419e+06  -25.791  -27.1304  -59.1622
548865  neutron  3.18334e+06  17.2661  9.50021  -67.1791
550941  neutron  1.11217e+06  49.1831  37.4672  -32.8425
551066  neutron  201.541  -10.9853  25.6077  64.2259
555531  neutron  3.22614  -29.0107  -44.3758  45.7227
556529  neutron  26778.1  3.28858  -4.11721  -69.8114
556750  neutron  4.87362e+06  -69.8526  -4.12739  -2.23283
576293  neutron  4.10925e+06  0.750353  -24.8826  -65.4346
576630  neutron  5.13446e+06  59.3066  -36.9062  -4.69697
578138  neutron  4.5358e+06  -51.2347  -46.9833  -8.30526
578528  neutron  1.92269  51.396  46.3687  10.4782
585563  neutron  6.01309e+06  48.5996  -21.8281  -45.4204
586214  neutron  2.2355e+06  20.773  66.8414  1.45137
591312  neutron  2.93848e+06  40.6449  30.6842  48.0403
593111  neutron  1.43095e+06  56.9728  -40.349  5.23998
593527  neutron  34.7862  -17.8259  42.2835  52.8748
604408  neutron  1328.2  50.5951  -48.1015  -5.27106
605932  neutron  4.69658e+06  -30.0661  27.7221  56.8236
613351  neutron  97329.3  -19.2237  67.265  -2.6951
622172  neutron  18980.8  -41.5052  -34.8469  44.3216
628010  neutron  1.47838e+06  -42.2388  -6.24856  55.4819
628222  neutron  4.60896e+06  -51.3562  -34.5517  -32.7127
634858  neutron  3.57229e+06  48.1087  17.4815  47.7635
636464  neutron  834896  -52.6048  45.2531  9.28946
636486  neutron  931.651  27.7071  -64.1892  3.67009
636566  neutron  1026.17  -6.08781  58.8061  37.4991
637689  neutron  690603  29.3258  58.4799  -24.9299
641693  neutron  4.4985e+06  57.2833  28.5463  28.3747
649584  neutron  542718  58.2905  38.2152  -6.57445
650164  neutron  18.8893  64.855  25.6746  6.00385
652607  neutron  1.93482e+06  50.9477  47.9176  3.10415
660660  neutron  5.90298e+06  -13.01  68.2518  8.59258
660862  neutron  4.83457e+06  68.6269  3.63954  13.3605
664263  neutron  2.25842e+06  -12.0878  68.6919  6.05876
669457  neutron  2.44003e+06  24.187  -49.4135  43.2977
676355  neutron  6.42559e+06  54.1745  -24.2498  -37.1278
676567  neutron  1322.88  14.3871  34.8539  -58.9883
679048  neutron  3.93862e+06  -58.875  -1.39247  -37.8575
680456  neutron  35545.1  -43.6485  -45.439  30.5206
680644  neutron  5.08758e+06  -47.7975  11.972  -49.734
681302  neutron  2.74779e+06  36.7855  -52.9757  -27.2362
683422  neutron  28000.3  28.5979  -62.372  13.9027
700883  neutron  1.00863e+06  -14.2529  -63.939  24.6994
705888  neutron  4.29389e+06  -17.9141  -24.4902  63.0929
711392  neutron  4.271e+06  8.70135  -64.8986  -24.7763
714628  neutron  4.17354e+06  -32.5954  37.2309  -49.5257
730855  neutron  6.21159e+06  -31.7331  -54.4942  30.4104
731589  neutron  2.62785e+06  -25.1128  63.4962  -15.4588
731615  neutron  3.74346e+06  -20.8994  -56.6422  -35.444
734083  neutron  773736  -37.468  52.6215  26.9912
740230  neutron  3.94089e+06  -33.4939  55.4327  -26.5853
741237  neutron  3.24901e+06  -60.4053  -24.0888  -25.9292
752894  neutron  1.72858e+06  -39.5748  -56.593  11.5095
766367  neutron  4.23569e+06  -47.35  50.3327  -11.2249
770279  neutron  2.61992e+06  -17.2337  -54.07  40.998
771252  neutron  6.48281e+06  48.3027  -19.7342  -46.6777
772149  neutron  1.36381e+06  1.55451  -69.8501  -4.46552
774534  neutron  35.4725  -59.1134  36.9789  6.29054
776873  neutron  2.39565e+06  -13.3774  -23.1067  64.7188
779744  neutron  915553  -15.59  -5.96883  -67.9906
781271  neutron  764.992  -17.933  -48.2015  -47.5018
789513  neutron  27312.8  44.6786  17.9975  -50.8066
790469  neutron  177964  21.0074  -58.9137  31.4525
790578  neutron  5.58113e+06  69.4018  -4.05687  -8.26646
791263  neutron  3.95627e+06  -19.5718  6.91426  66.8621
795029  neutron  33679  22.0111  -43.2396  50.4702
798078  neutron  2.27937e+06  -37.9774  -24.6258  53.4105
799400  neutron  250593  -31.2617  -41.4303  -46.9855
800928  neutron  4.70413e+06  -11.6801  -1.4964  -69.0126
803253  neutron  2.09516e+06  33.3514  -21.6478  57.6234
807665  neutron  22979.4  -16.1586  -27.3482  62.3889
808597  neutron  16702.6  -11.1198  -41.3557  -55.3846
817913  neutron  4.54306e+06  50.1706  -43.6841  -21.8175
818375  neutron  1493.99  -5.37262  65.835  23.2009
819478  neutron  4.79276e+06  48.0268  31.6756  -39.8934
820070  neutron  3.81957e+06  -20.8719  -66.8047  1.70317
831639  neutron  2266.24  24.5216  6.72836  65.229
854642  neutron  4.07302e+06  22.6512  -60.6678  26.6034
855422  neutron  2.10522e+06  -39.9177  45.4763  -35.212
856552  neutron  5.84114e+06  0.391149  -62.8107  30.9203
861171  neutron  3.87375e+06  36.9108  5.74698  -59.2112
866101  neutron  648376  41.6711  33.0278  45.5421
867615  neutron  55.8246  -8.36911  64.2213  26.5892
868733  neutron  2.32642e+06  -68.5249  8.16292  -11.7942
877602  neutron  22990.3  -40.2538  40.8442  40.1595
878768  neutron  4.01063e+06  14.4652  -42.0743  -54.0547
879365  neutron  51.0395  35.5072  -40.2409  -44.9589
881039  neutron  2.06938e+06  3.04613  -48.8482  -50.0597
881089  neutron  23.2732  16.4814  67.5241  -8.38193
881849  neutron  1.15825e+06  -39.174  22.5878  53.4471
882088  neutron  1.58164e+06  44.5785  23.4729  48.6125
884006  neutron  902930  -48.9635  -45.8967  19.9367
903956  neutron  522354  -41.6113  25.3063  50.2941
905556  neutron  5.16863e+06  36.2338  52.9499  -28.0146
905804  neutron  1.11742e+06  -56.8062  40.7671  -3.53504
921623  neutron  5.00902e+06  -0.145104  11.8622  -68.9976
941314  neutron  3.09916e+06  -59.4347  -33.1219  -16.4881
942701  neutron  65419.6  48.4626  44.3287  -24.2435
946841  neutron  1.7043e+06  21.7959  64.7401  -15.3316
948194  neutron  1.2802e+06  -51.9112  -39.7261  -25.0692
955896  neutron  6.27008e+06  6.0578  -50.3188  48.2983
957667  neutron  6.76993e+06  -11.1003  -13.2948  -67.8339
962901  neutron  3.56176e+06  3.4693  -57.0212  40.4715
965562  neutron  5.53242e+06  -26.4454  58.9153  -27.0376
967047  neutron  7.45578e+06  -7.2461  12.2359  68.5505
967924  neutron  2.29121e+06  20.6054  12.9169  65.6504
975813  neutron  1.85499e+06  -15.7983  -22.2144  64.4851
975900  neutron  30784.6  58.4985  -18.8253  33.54
981132  neutron  649264  36.5649  36.8553  46.969
985782  neutron  2.3675e+06  -15.4971  -66.6981  -14.5811
991693  neutron  2.83495e+06  -26.1749  -61.7936  -19.9456
997966  neutron  1.63545e+06  -35.7224  58.0673  15.9219
