6491  neutron  6.15161e+06  -83.4739  -16.0726  -0.686468
27495  neutron  167639  -30.5743  19.9959  76.7599
28691  neutron  12613.3  -31.4306  49.7882  61.3185
33439  neutron  1.71431e+06  64.9448  -34.0294  -43.0217
40469  neutron  449591  52.3181  -6.93378  66.6441
45424  neutron  5.83661e+06  -75.761  15.5325  -35.2946
78965  neutron  5.56503e+06  74.4885  -38.8997  -12.844
83016  neutron  372969  61.2027  -4.65108  -58.8158
98949  neutron  3.62448e+06  48.0795  60.6194  -35.2186
121570  neutron  974.504  33.432  -75.5346  -20.0881
135459  neutron  5.82307e+06  -4.46324  53.602  -65.8301
140827  neutron  56469.6  38.5597  75.7587  0.685702
163077  neutron  4.0391e+06  59.9551  -23.3007  -55.5803
174339  neutron  2.80482e+06  83.8439  -13.9192  -1.77647
186886  neutron  221177  -78.5078  -6.63084  31.9257
201545  neutron  739938  -69.8709  -6.99878  47.9143
219567  neutron  660.979  -27.8624  -77.616  20.6431
223350  neutron  5.37589e+06  22.9262  52.0458  63.1848
234503  neutron  6.52837e+06  -3.73345  27.4387  80.3734
245854  neutron  234047  -14.0143  -9.21528  -83.3389
282062  neutron  17.0985  67.5421  50.827  9.02137
284943  neutron  1898.47  47.6415  60.5511  35.9243
318766  neutron  4.86238e+06  63.8327  55.6015  7.78228
336927  neutron  16.306  77.1877  29.4657  20.0134
337039  neutron  4.15177e+06  -20.3205  53.5908  62.7838
355622  neutron  5.79792e+06  -11.9118  -51.343  -66.6986
375436  neutron  1.59417e+06  -73.4226  -14.5731  -40.292
389059  neutron  108201  38.3842  65.7208  37.8699
403903  neutron  1.25469e+06  -33.2401  72.9227  28.3564
415031  neutron  834151  22.0993  76.5332  29.6815
437037  neutron  4.89904e+06  -29.4571  -64.2325  47.2564
475744  neutron  2.75098e+06  -37.0772  -69.4575  -32.0569
476749  neutron  3.26178e+06  -21.6223  57.4749  -58.7861
497337  neutron  2.78695e+06  -55.7834  -64.1475  -0.120376
516808  neutron  3.5782e+06  7.72244  -26.8803  -80.2777
549098  neutron  3.17912e+06  65.6581  -51.7704  -15.3473
561144  neutron  3.40549e+06  40.6023  73.3412  14.1148
566509  neutron  3.63958e+06  -18.6361  -49.2954  66.7035
572729  neutron  4.10925e+06  -1.82544  -30.7832  -79.2197
602605  neutron  0.190432  -35.0654  39.9393  66.3474
608430  neutron  4994.22  -5.65986  -27.0935  -80.3779
631448  neutron  601137  47.8043  25.1275  -65.651
636339  neutron  19.3459  -45.0969  55.2803  46.2283
685121  neutron  7.2594e+06  25.8105  0.113953  -80.9969
749858  neutron  4.64123e+06  -71.099  31.1861  -34.6275
761987  neutron  36896.9  0.56055  77.8482  -34.1475
770011  neutron  5.80536e+06  9.95006  -49.9779  68.0434
772828  neutron  4.81322e+06  27.5624  -58.0846  -55.6166
773259  neutron  5.75277e+06  -52.2212  59.9769  30.0403
774083  neutron  3607.92  -9.92635  55.6927  -63.4546
775314  neutron  2.69712e+06  -23.992  81.5361  1.71881
786965  neutron  6.03131e+06  19.6965  74.1877  36.5368
797580  neutron  6.31863e+06  -11.0402  83.9985  -7.00406
824848  neutron  1963.24  -38.6617  71.8138  23.9741
844226  neutron  7.59503e+06  81.6459  23.5699  -2.26079
864391  neutron  5.84857e+06  -0.494488  -32.2349  78.6598
867000  neutron  3.4561e+06  46.9998  5.46992  -70.6244
868955  neutron  3.04352e+06  -27.5534  -67.6534  43.4802
883528  neutron  837056  24.3849  -41.2056  -70.2437
920607  neutron  1.65189e+06  38.6954  64.7705  -39.1682
928028  neutron  38.4403  60.5536  -47.5543  -36.0354
930444  neutron  2.32406e+06  38.7235  35.7863  -66.6823
938880  neutron  6.13889e+06  68.3651  47.0675  -18.3729
940814  neutron  683271  -77.406  -7.13711  34.4105
945757  neutron  1.47582e+06  -43.3674  44.7337  57.8348
977294  neutron  143201  -38.6481  -33.7617  -67.773
