43255  neutron  421676  95.9633  -20.2799  -19.5391
166847  neutron  948316  32.3138  -80.7242  -49.4108
238325  neutron  6.27829e+06  -49.5128  -56.9945  65.5905
303998  neutron  7.14856e+06  -20.4557  -59.3624  -77.8439
328805  neutron  5912.35  5.64046  -84.1951  53.6783
428508  neutron  7.06172e+06  -82.9854  53.976  -14.213
454128  neutron  5.72305e+06  -13.6792  -60.0974  -78.7603
560109  neutron  2.50669e+06  71.0514  -66.1747  -23.9711
642202  neutron  6.13846e+06  38.9146  -19.0837  90.1303
657053  neutron  5.88938e+06  3.34475  81.2225  -58.2556
672841  neutron  4.61072e+06  -24.2823  96.7551  7.12905
757174  neutron  2.86848e+06  7.03437  19.1651  97.9041
922324  neutron  7.7524e+06  -15.4818  82.4336  54.4703
