56326  neutron  2.23997e+06  47.5573  -34.2339  68.3238
61971  neutron  740374  -12.4019  88.083  -13.7612
71895  neutron  4.63746e+06  -25.9352  -6.19886  85.9694
81561  neutron  4.58967e+06  5.08091  28.7385  -85.1474
99732  neutron  6.44756e+06  9.34512  72.1656  52.9773
130564  neutron  1.75481e+06  -50.2693  71.7151  20.7784
160725  neutron  71642.5  -7.61861  -59.3758  -67.2181
193783  neutron  5.1563e+06  -20.2403  77.1504  -41.7127
215455  neutron  3.57021e+06  8.78079  -87.9515  17.007
256023  neutron  386.617  77.6192  16.2676  -42.5725
293557  neutron  181065  -30.9338  37.6054  -75.7016
345521  neutron  1.52077e+06  -3.88829  -40.3921  80.344
388436  neutron  3.13433e+06  -29.753  5.63307  -84.7634
413718  neutron  138.438  -59.7481  -47.2569  -47.9453
428268  neutron  5.29697e+06  -54.4163  -71.6686  -2.06992
476862  neutron  398703  54.8774  66.9436  24.6744
499052  neutron  101.945  -9.82457  -88.8785  10.2899
508245  neutron  1.16063e+06  -3.25261  -74.7011  50.1095
513065  neutron  3.23959e+06  -32.0975  34.7318  76.5849
614959  neutron  1.06729e+06  53.5279  -69.3371  20.7106
621605  neutron  28.5251  66.0513  58.6944  -17.1464
781284  neutron  3.30225e+06  47.4945  -14.1094  75.1465
823636  neutron  5.8535e+06  61.8046  -53.1061  38.2326
898400  neutron  6.24615e+06  -45.1126  -70.9111  32.2221
944377  neutron  4.49314e+06  64.269  -62.9185  -3.5446
956582  neutron  360159  34.0285  83.3262  -0.782766
